0 -0.014255 -0.0078487 -0.0141463 0.00580059 -0.00865334
1 -0.0197802 -0.0461021 -0.00356538 0.0229136 -0.0161548
2 -0.00751241 -0.0730432 -0.0268207 0.00716426 -0.0615568
3 -0.0200024 -0.0679602 -0.0249689 0.00607477 -0.051522
4 -0.00985956 -0.0669843 -0.00172424 0.0161189 -0.0559037
5 -0.00501158 -0.0624811 0.0208293 0.0258715 -0.063949
6 -0.00453481 -0.0762157 0.0279743 0.0345104 -0.0666168
7 -0.0280883 -0.072202 0.0103845 0.0466287 -0.0670501
8 -0.024497 -0.0558494 0.0145189 0.0565777 -0.066976
9 -0.00649922 -0.063384 0.00604616 0.0785308 -0.0675977
10 -0.0279624 -0.0380374 0.0239436 0.0821768 -0.105151
11 -0.0304122 -0.0327938 0.0170043 0.0916747 -0.120816
12 -0.0366366 -0.0425638 0.0187096 0.0897516 -0.130167
13 -0.0155722 -0.0354775 0.0305766 0.0879652 -0.164418
14 -0.000914091 -0.0144467 0.00948349 0.0823763 -0.175259
15 0.0190095 -0.0102073 0.0121409 0.0916438 -0.172452
16 0.023074 -0.0174597 0.0201661 0.0800729 -0.153354
17 0.0480725 -0.0468456 0.004731 0.069675 -0.143938
18 0.05227 -0.00168464 -0.0195737 0.0672678 -0.146059
19 0.0448249 -0.00688189 0.00274266 0.0569733 -0.15472
20 0.0446949 -0.0123459 0.0175081 0.0322472 -0.153867
21 0.0300347 -0.0125558 0.0106545 0.039022 -0.156336
22 0.0544798 -0.0380223 0.0232794 0.0177898 -0.13657
23 0.0841227 -0.0342902 0.00943033 0.0001936 -0.13733
24 0.0863021 -0.0208642 0.00754865 3.37716e-05 -0.133214
25 0.0685086 -0.0263726 0.0102589 -0.00157242 -0.105909
26 0.0631828 -0.0305372 0.0109454 -0.012141 -0.0889166
27 0.0633423 -0.0139268 0.00282465 -0.00256639 -0.104021
28 0.0826289 -0.0253294 0.00202212 0.00262646 -0.0990438
29 0.0928677 -0.0334534 -0.0549691 0.0226779 -0.098556
30 0.115636 -0.052102 -0.0883154 0.0288704 -0.113325
31 0.11274 -0.0420272 -0.0873397 0.00234344 -0.143007
32 0.10702 -0.0220299 -0.101832 0.0138851 -0.128062
33 0.120556 -0.0212891 -0.104328 0.026032 -0.0955942
34 0.119053 -0.0327487 -0.116011 0.0261154 -0.098716
35 0.117983 -0.0169828 -0.0957301 0.0371819 -0.0901407
36 0.101585 -0.00587096 -0.0886969 0.0328979 -0.103141
37 0.0782319 0.0030702 -0.087147 0.0341952 -0.105381
38 0.057352 -0.00575678 -0.0953996 0.0866378 -0.0851008
39 0.0707318 0.0206962 -0.10923 0.0902527 -0.101519
40 0.055714 0.00181503 -0.129143 0.0981129 -0.116748
41 0.060163 -0.0158693 -0.118844 0.0933811 -0.106273
42 0.0871863 -0.00289078 -0.13463 0.0913739 -0.104496
43 0.0711278 0.0098716 -0.176502 0.11688 -0.0804292
44 0.0454816 0.0172321 -0.162542 0.133365 -0.0803261
45 0.0327445 -0.0019406 -0.164118 0.146347 -0.0584233
46 0.0455875 0.00113744 -0.166914 0.153643 -0.0351114
47 0.062704 0.0365463 -0.163418 0.144018 0.00863999
48 0.0521178 0.0108365 -0.18473 0.143887 0.0348802
49 0.0881361 0.000823764 -0.186429 0.129205 -0.000489349
50 0.113584 -0.0150915 -0.169102 0.143446 0.00431287
51 0.149911 0.0079567 -0.184381 0.172115 0.0139241
52 0.149144 0.0214045 -0.186294 0.153875 -0.00102815
53 0.138767 0.0176928 -0.173534 0.137789 0.024057
54 0.147433 0.0291 -0.171253 0.149891 0.0138316
55 0.159437 0.0294504 -0.16544 0.155682 0.0119569
56 0.173201 0.031155 -0.165201 0.145039 -0.00583607
57 0.172361 0.0414147 -0.147019 0.157306 0.00183086
58 0.16777 0.0366343 -0.138907 0.174277 0.0191323
59 0.183727 0.0143045 -0.148347 0.18386 -0.0169964
60 0.194039 0.0243852 -0.130208 0.167015 -0.00338602
61 0.187561 0.031322 -0.122053 0.160287 0.00458695
62 0.185058 0.032656 -0.0934646 0.155239 0.0435477
63 0.191208 0.0133862 -0.0866901 0.133243 0.0415731
64 0.183164 0.00386894 -0.0866905 0.130931 0.0575846
65 0.151751 -0.0142888 -0.124408 0.134565 0.0878946
66 0.133395 -0.00154688 -0.117319 0.123035 0.0795636
67 0.125178 -0.0109913 -0.116635 0.126072 0.0880219
68 0.114569 -0.0272416 -0.121677 0.0995137 0.081657
69 0.105201 -0.0369595 -0.111807 0.120958 0.0798588
70 0.10118 -0.00397099 -0.106203 0.111392 0.103865
71 0.0999794 -0.0205926 -0.100106 0.125088 0.0960094
72 0.110795 -0.01638 -0.125006 0.121466 0.0993357
73 0.0931696 -0.0414088 -0.102735 0.112195 0.117649
74 0.120267 -0.0426858 -0.101519 0.131547 0.121611
75 0.117386 -0.0464022 -0.114856 0.128881 0.131854
76 0.122987 -0.0518057 -0.0954951 0.145435 0.135284
77 0.100794 -0.0537672 -0.106664 0.153293 0.0984529
78 0.0826853 -0.055727 -0.123877 0.151338 0.107468
79 0.0879069 -0.0818496 -0.12178 0.163345 0.0914449
80 0.106081 -0.0824193 -0.139129 0.166142 0.10711
81 0.0810764 -0.076954 -0.119922 0.167826 0.123558
82 0.0931777 -0.0868594 -0.117454 0.187729 0.0936909
83 0.0992668 -0.0933869 -0.124421 0.167915 0.0920151
84 0.093589 -0.0908174 -0.135285 0.159379 0.084614
85 0.0983509 -0.10062 -0.146797 0.163546 0.0876422
86 0.0764097 -0.0726852 -0.140404 0.165924 0.0788484
87 0.0710851 -0.0609066 -0.119011 0.165095 0.0814662
88 0.0901374 -0.0809533 -0.102408 0.175699 0.105611
89 0.100849 -0.0862513 -0.133226 0.171601 0.0950184
90 0.111462 -0.0680253 -0.145381 0.157691 0.0841528
91 0.105372 -0.0861131 -0.151213 0.143363 0.0897263
92 0.0916481 -0.0996689 -0.127296 0.137179 0.0891387
93 0.105121 -0.113756 -0.125469 0.126169 0.088162
94 0.123324 -0.0921991 -0.130738 0.113292 0.0731209
95 0.106832 -0.0845066 -0.131695 0.117273 0.0761334
96 0.119731 -0.0823014 -0.140145 0.0777488 0.101807
97 0.120465 -0.0843365 -0.130052 0.0435099 0.0925489
98 0.152103 -0.0966532 -0.173158 0.0373224 0.106278
99 0.125067 -0.0673115 -0.179014 0.0520473 0.0935789
100 0.107564 -0.064361 -0.153957 0.0626426 0.0838237
101 0.10459 -0.080983 -0.152347 0.0980362 0.080465
102 0.120986 -0.0780755 -0.145547 0.145357 0.0673775
103 0.11869 -0.0637531 -0.111946 0.142771 0.0905175
104 0.117277 -0.0703245 -0.148635 0.167866 0.0893313
105 0.11799 -0.0770163 -0.156146 0.175246 0.0503912
106 0.121215 -0.0556066 -0.149473 0.148554 0.0553678
107 0.11079 -0.055619 -0.121499 0.151576 0.0806521
108 0.144932 -0.042967 -0.112767 0.168076 0.0670143
109 0.158328 -0.0484881 -0.136173 0.1517 0.0460944
110 0.148617 -0.0331529 -0.134647 0.145955 0.028836
111 0.148657 -0.0605904 -0.134027 0.152636 0.00410268
112 0.131588 -0.0592508 -0.128922 0.155108 0.0142992
113 0.105038 -0.0322453 -0.136014 0.15908 0.0183558
114 0.0821747 -0.0416389 -0.124986 0.147955 0.0402191
115 0.0670408 -0.0504994 -0.117479 0.14889 0.042371
116 0.0779592 0.0100974 -0.118134 0.130289 0.0500707
117 0.0770551 0.0172819 -0.127503 0.142679 0.0375093
118 0.078777 0.0536998 -0.104184 0.141841 0.0324841
119 0.0969745 0.0350238 -0.10563 0.123041 0.0397533
120 0.0772757 0.0251325 -0.100937 0.106267 0.0413885
121 0.105198 0.0418225 -0.113069 0.125941 0.0569405
122 0.130051 0.0458443 -0.107214 0.132078 0.0492727
123 0.147223 0.0715663 -0.10707 0.141312 0.0756855
124 0.130864 0.0767451 -0.102852 0.097181 0.0678292
125 0.153266 0.0794006 -0.0999236 0.0720857 0.0812038
126 0.132565 0.0665532 -0.117886 0.0780233 0.0514647
127 0.115907 0.0440172 -0.105142 0.111733 0.0491348
128 0.111984 0.0322057 -0.103322 0.0846045 0.0518408
129 0.105239 0.040025 -0.118793 0.0731001 0.0656982
130 0.0848216 0.054559 -0.143804 0.0897012 0.0651095
131 0.0655135 0.0561353 -0.165059 0.101874 0.0589458
132 0.0413676 0.0699415 -0.135455 0.103372 0.0493143
133 0.097417 0.0576058 -0.145377 0.119318 0.0642195
134 0.0913736 0.0801758 -0.132056 0.114049 0.0643036
135 0.0810513 0.061937 -0.143423 0.11786 0.0618103
136 0.0681438 0.049578 -0.149101 0.135888 0.0599972
137 0.0597925 0.0554056 -0.138674 0.134368 0.0436103
138 0.0434894 0.0637256 -0.133832 0.146114 0.0426226
139 0.036083 0.0786872 -0.101511 0.140296 0.045453
140 0.0432425 0.0788854 -0.105814 0.123926 0.0447919
141 0.0471798 0.111088 -0.109785 0.129045 0.0610191
142 0.0409515 0.140018 -0.128466 0.116182 0.0780847
143 0.0457787 0.126594 -0.149199 0.107411 0.0939904
144 0.0227561 0.113501 -0.145539 0.137142 0.108431
145 0.0254792 0.128538 -0.144505 0.124878 0.107332
146 0.0342765 0.137647 -0.147457 0.123251 0.102035
147 0.0133728 0.140801 -0.142407 0.107595 0.116928
148 0.0468074 0.13552 -0.142444 0.11902 0.137809
149 0.0452293 0.133561 -0.150941 0.101466 0.1255
150 0.0356521 0.136923 -0.123722 0.0841653 0.136205
151 0.0285102 0.108839 -0.136278 0.0990034 0.137688
152 0.0259796 0.113472 -0.118969 0.0932018 0.117108
153 0.0670473 0.112057 -0.12599 0.118355 0.100637
154 0.0678027 0.158441 -0.141771 0.104032 0.102406
155 0.0751701 0.160668 -0.167769 0.120519 0.105459
156 0.0856358 0.166008 -0.16385 0.126848 0.0681847
157 0.109739 0.156281 -0.156292 0.133845 0.066215
158 0.113653 0.171609 -0.151216 0.156304 0.0480934
159 0.111517 0.191565 -0.148522 0.139204 0.048544
160 0.114833 0.198651 -0.173054 0.156215 0.0592394
161 0.0820085 0.198425 -0.181858 0.135742 0.0476553
162 0.0903315 0.187635 -0.181598 0.157193 0.0146403
163 0.0996211 0.181063 -0.163536 0.132494 -0.0236414
164 0.105341 0.174696 -0.161747 0.148186 -0.00439193
165 0.12018 0.177607 -0.143049 0.135979 -0.00491653
166 0.143314 0.164318 -0.154912 0.145804 -0.0212134
167 0.138653 0.167165 -0.15434 0.177403 -0.0077418
168 0.158421 0.196537 -0.151576 0.161661 0.00503442
169 0.152214 0.211998 -0.145534 0.175783 0.0395409
170 0.133314 0.228424 -0.14821 0.181474 0.0307614
171 0.138941 0.218535 -0.118473 0.185309 0.0360886
172 0.136994 0.219791 -0.114701 0.171395 0.0307304
173 0.116513 0.223158 -0.0917814 0.185233 0.0503801
174 0.117012 0.231191 -0.0606619 0.196343 0.0667701
175 0.100229 0.268089 -0.069879 0.1916 0.0628756
176 0.115382 0.278495 -0.0774867 0.194113 0.0329923
177 0.102254 0.270132 -0.0791273 0.198938 0.0443357
178 0.13155 0.306722 -0.0750971 0.207785 0.0527221
179 0.139887 0.316027 -0.0636357 0.198417 0.0816955
180 0.120389 0.32672 -0.0683468 0.201418 0.0443093
181 0.135743 0.325277 -0.0464082 0.197426 0.0444726
182 0.116393 0.320452 -0.0771015 0.229437 0.00397055
183 0.121579 0.293849 -0.0762458 0.199446 -0.0308164
184 0.101457 0.321431 -0.0958386 0.189841 -0.0391794
185 0.102831 0.316055 -0.123358 0.191886 -0.0517095
186 0.111989 0.306766 -0.114343 0.171678 -0.0536148
187 0.12895 0.32652 -0.10215 0.192931 -0.0512563
188 0.143335 0.357116 -0.13912 0.198044 -0.0459735
189 0.16198 0.332749 -0.118949 0.178791 -0.0451845
190 0.167085 0.33484 -0.12753 0.151886 -0.0157231
191 0.186587 0.333482 -0.125741 0.154867 -0.00772903
192 0.179933 0.326817 -0.1188 0.157179 -0.0172104
193 0.169219 0.321525 -0.1087 0.144721 -0.00871595
194 0.15343 0.322415 -0.107402 0.152928 -0.00694379
195 0.159791 0.321861 -0.0850453 0.139973 -0.00828351
196 0.15384 0.337242 -0.0996365 0.111868 -0.00545305
197 0.16192 0.353148 -0.099517 0.11604 -0.0263141
198 0.158826 0.317333 -0.103843 0.110115 -0.0108152
199 0.145093 0.308918 -0.11098 0.140789 -0.0182835
200 0.155521 0.324533 -0.12189 0.13981 -0.0342216
201 0.166149 0.327889 -0.140298 0.126923 -0.00535915
202 0.143892 0.350555 -0.140724 0.136753 -0.0152445
203 0.130761 0.346296 -0.12162 0.138542 -0.0403755
204 0.122442 0.309391 -0.148697 0.148464 -0.0429137
205 0.128583 0.295682 -0.149816 0.121116 -0.0520988
206 0.157284 0.283321 -0.141307 0.11901 -0.0265634
207 0.170427 0.281077 -0.139987 0.160168 -0.0339678
208 0.146685 0.296111 -0.120098 0.184272 -0.0434324
209 0.130996 0.326446 -0.100634 0.226918 -0.0430672
210 0.142869 0.31709 -0.110644 0.236646 -0.0446417
211 0.139887 0.30309 -0.124987 0.228657 -0.0666982
212 0.113089 0.302309 -0.120738 0.240985 -0.0715566
213 0.121464 0.278616 -0.140915 0.239073 -0.0624575
214 0.0925766 0.298672 -0.158133 0.24851 -0.0564569
215 0.065622 0.282741 -0.15398 0.227828 -0.0331829
216 0.0723974 0.266088 -0.145557 0.231179 -0.0478713
217 0.05001 0.285142 -0.158648 0.210884 -0.063186
218 0.0490862 0.286037 -0.165705 0.201848 -0.0622601
219 0.0632839 0.278461 -0.1662 0.189176 -0.0639279
220 0.0630419 0.265845 -0.187506 0.183062 -0.0471821
221 0.0390152 0.257519 -0.172068 0.17712 -0.063032
222 0.0131691 0.263975 -0.199017 0.179803 -0.080944
223 0.00260259 0.274 -0.182018 0.210983 -0.0919101
224 -0.0105585 0.278454 -0.159317 0.218738 -0.109454
225 0.00266043 0.287737 -0.148654 0.218666 -0.120825
226 -0.00907981 0.309716 -0.152159 0.222173 -0.108641
227 -0.00274021 0.300932 -0.148739 0.226466 -0.105936
228 0.0155677 0.280218 -0.16024 0.231275 -0.113697
229 0.00779639 0.272558 -0.169103 0.220351 -0.114322
230 0.0139165 0.264187 -0.169587 0.198035 -0.119697
231 0.00538314 0.269526 -0.182065 0.20073 -0.0856364
232 0.0266495 0.281368 -0.126357 0.192236 -0.109931
233 0.0202476 0.294346 -0.119503 0.196009 -0.120764
234 0.00895409 0.295621 -0.1468 0.181769 -0.0959244
235 -0.00446371 0.327997 -0.155349 0.186986 -0.121806
236 -0.0189978 0.333531 -0.166773 0.195225 -0.0959842
237 -0.0251901 0.329584 -0.16011 0.209749 -0.0887014
238 -0.0107821 0.340796 -0.13996 0.226154 -0.0766843
239 0.00598955 0.332942 -0.137866 0.252123 -0.0948621
240 0.0241886 0.322493 -0.119115 0.22826 -0.0722038
241 0.0150153 0.333878 -0.0876472 0.233645 -0.059338
242 0.0172287 0.350398 -0.102729 0.230562 -0.0821752
243 0.0322106 0.356505 -0.107324 0.210404 -0.0514372
244 0.037143 0.371932 -0.110362 0.211367 -0.0725133
245 0.0243515 0.369204 -0.110284 0.230791 -0.103417
246 0.0218574 0.361594 -0.129758 0.225318 -0.102062
247 -0.011909 0.349846 -0.148617 0.204148 -0.0876962
248 -0.0251631 0.348901 -0.134644 0.216344 -0.0914541
249 -0.0189728 0.335639 -0.156513 0.196796 -0.0742989
250 -0.00871352 0.337148 -0.140919 0.20569 -0.0728029
251 -0.0238136 0.34059 -0.13567 0.210744 -0.0912182
252 0.0166241 0.341164 -0.140448 0.219999 -0.0950949
253 -0.0141124 0.336141 -0.130319 0.22986 -0.104799
254 -0.00673275 0.31814 -0.148572 0.250206 -0.0714513
255 -0.0451838 0.326297 -0.12696 0.244442 -0.0576394
256 -0.0619068 0.340663 -0.125364 0.251509 -0.0764886
257 -0.061776 0.341179 -0.134158 0.240462 -0.0725667
258 -0.0560196 0.334271 -0.124383 0.245511 -0.0646002
259 -0.0402951 0.325648 -0.110902 0.225199 -0.06218
260 -0.0312145 0.302622 -0.0988002 0.208758 -0.0478081
261 -0.0608943 0.303426 -0.12061 0.211541 -0.0405531
262 -0.0821323 0.295918 -0.138624 0.197047 -0.0385354
263 -0.0751238 0.315 -0.165826 0.194053 -0.0220541
264 -0.0763936 0.315913 -0.192509 0.192347 -0.026778
265 -0.0726591 0.292015 -0.157994 0.204446 -0.0330248
266 -0.0503011 0.288845 -0.147299 0.197073 -0.0252507
267 -0.0670055 0.291003 -0.149873 0.201301 -0.0167191
268 -0.0596736 0.288011 -0.131732 0.202661 -0.0186178
269 -0.0755004 0.276162 -0.127272 0.194567 -0.0196301
270 -0.0756649 0.299936 -0.135465 0.19631 -0.0380498
271 -0.103047 0.301596 -0.128629 0.189766 -0.0479069
272 -0.0961516 0.3197 -0.131824 0.17627 -0.0498878
273 -0.0802116 0.322277 -0.137676 0.21211 -0.0508599
274 -0.0775418 0.337285 -0.147608 0.194703 -0.0482322
275 -0.101858 0.329013 -0.148337 0.156998 -0.0416185
276 -0.107551 0.347712 -0.140817 0.138793 -0.0205207
277 -0.105832 0.35269 -0.179042 0.133304 -0.0222045
278 -0.130827 0.350034 -0.173714 0.119126 -0.0183481
279 -0.146746 0.377641 -0.194818 0.112232 -0.0275971
280 -0.137557 0.378242 -0.193934 0.0971381 -0.0315458
281 -0.14592 0.370525 -0.211206 0.0521176 -0.0395535
282 -0.144319 0.36672 -0.214728 0.0694759 -0.0224347
283 -0.158383 0.366644 -0.196616 0.0713287 -0.024651
284 -0.146473 0.385729 -0.177808 0.0708121 -0.0305341
285 -0.131207 0.363225 -0.202401 0.0515379 -0.0384593
286 -0.144108 0.342691 -0.192022 0.0387554 -0.0546515
287 -0.154887 0.34691 -0.183231 0.0479743 -0.0348527
288 -0.147141 0.349157 -0.209972 0.0093574 -0.0444221
289 -0.165596 0.332739 -0.203707 0.0561811 -0.0609643
290 -0.17964 0.350487 -0.199914 0.0550715 -0.0648848
291 -0.168232 0.379562 -0.228368 0.0444417 -0.070932
292 -0.155357 0.36309 -0.239973 0.0530636 -0.0616988
293 -0.172351 0.398639 -0.262303 0.0311998 -0.0499751
294 -0.165534 0.401373 -0.279862 0.0186676 -0.0598273
295 -0.19551 0.384593 -0.26401 0.019651 -0.0521136
296 -0.196917 0.385367 -0.285513 0.0323556 -0.061381
297 -0.164639 0.384596 -0.292658 0.0585332 -0.0606831
298 -0.165767 0.358838 -0.308284 0.0569665 -0.0582148
299 -0.1817 0.358925 -0.296141 0.0487722 -0.0544
300 -0.188455 0.344089 -0.340398 0.0383995 -0.0434699
301 -0.166968 0.326228 -0.344999 0.0667991 -0.045502
302 -0.189369 0.321893 -0.329278 0.095769 -0.0679318
303 -0.176624 0.332145 -0.317582 0.109645 -0.0435891
304 -0.173987 0.366399 -0.338442 0.0767328 -0.0584393
305 -0.184716 0.389965 -0.36376 0.0696691 -0.064291
306 -0.179612 0.397518 -0.372821 0.061007 -0.0955802
307 -0.16648 0.386331 -0.382713 0.0893314 -0.0847233
308 -0.151232 0.366465 -0.39723 0.0802802 -0.0914596
309 -0.145276 0.380586 -0.389716 0.103148 -0.114203
310 -0.140827 0.345521 -0.399065 0.0903813 -0.110877
311 -0.155573 0.345696 -0.405866 0.0819804 -0.115641
312 -0.158756 0.362868 -0.403737 0.0566367 -0.112222
313 -0.143189 0.364459 -0.394224 0.0819426 -0.119904
314 -0.135846 0.375886 -0.389521 0.0755031 -0.091767
315 -0.127357 0.378103 -0.405267 0.0736576 -0.0916767
316 -0.147014 0.367936 -0.392861 0.0655937 -0.0859285
317 -0.141601 0.360929 -0.351706 0.0525957 -0.100484
318 -0.137865 0.364348 -0.327735 0.0591144 -0.0860202
319 -0.134196 0.371302 -0.322469 0.0520993 -0.0908947
320 -0.113154 0.394092 -0.338163 0.0395057 -0.0866007
321 -0.102818 0.417171 -0.356711 0.0193735 -0.0803295
322 -0.106754 0.433102 -0.361856 0.0149253 -0.0911077
323 -0.100969 0.440785 -0.370015 0.016838 -0.100894
324 -0.0841216 0.441255 -0.384271 0.00961397 -0.117614
325 -0.0737536 0.439494 -0.378128 0.0163504 -0.117781
326 -0.100959 0.449085 -0.394731 -0.00190391 -0.0961133
327 -0.0819997 0.458152 -0.419178 0.00901697 -0.102841
328 -0.0804149 0.449894 -0.413692 0.0257354 -0.109298
329 -0.089148 0.456475 -0.447988 0.0316132 -0.0950214
330 -0.0931137 0.464986 -0.454654 0.0298812 -0.087424
331 -0.10192 0.479958 -0.440955 0.00936152 -0.0958801
332 -0.102443 0.475696 -0.442008 0.0262896 -0.10563
333 -0.0786575 0.44727 -0.439176 0.046344 -0.106237
334 -0.0614444 0.428977 -0.458494 0.0345356 -0.109919
335 -0.0648754 0.411491 -0.46662 0.0139256 -0.0905104
336 -0.066008 0.392903 -0.467526 0.00389709 -0.0935975
337 -0.0598808 0.413251 -0.462282 0.0285212 -0.128823
338 -0.0588377 0.392882 -0.429086 0.0236338 -0.130509
339 -0.0356229 0.382315 -0.441162 0.0299301 -0.130642
340 -0.0244788 0.404351 -0.442292 0.0160945 -0.121415
341 -0.015123 0.423059 -0.434429 0.0117194 -0.112491
342 -0.0208707 0.437528 -0.440913 -0.001918 -0.109236
343 -0.025832 0.441838 -0.40769 -0.0100375 -0.0949632
344 -0.0362808 0.450284 -0.406642 -0.00823748 -0.0764697
345 -0.0257527 0.465856 -0.392839 0.0121979 -0.0898071
346 -0.0232257 0.451943 -0.41085 -0.0143653 -0.0974894
347 -0.0267249 0.42598 -0.421389 -0.0185152 -0.0935754
348 -0.0126036 0.394859 -0.431546 -0.00817382 -0.128403
349 0.0193089 0.391574 -0.396525 0.000670544 -0.127668
350 0.0341857 0.373126 -0.407093 -0.00902963 -0.120867
351 0.0534373 0.355511 -0.416985 0.0119625 -0.111717
352 0.0836556 0.328029 -0.389691 -0.00985865 -0.110039
353 0.070563 0.343063 -0.398782 0.000755242 -0.106733
354 0.0884438 0.356156 -0.373371 0.0217495 -0.106901
355 0.0785412 0.354965 -0.373454 0.040532 -0.103753
356 0.0627964 0.36572 -0.388092 0.0438666 -0.0967322
357 0.0965997 0.344862 -0.368403 0.00727255 -0.0791253
358 0.125313 0.349911 -0.330025 0.0126351 -0.0408701
359 0.13786 0.352805 -0.345275 0.027524 -0.0535558
360 0.158087 0.371979 -0.353779 0.0460445 -0.0478947
361 0.168421 0.348518 -0.35875 0.0337186 -0.0235422
362 0.151147 0.364178 -0.34748 0.0428332 -0.0242342
363 0.149189 0.37984 -0.345163 0.0479914 -0.0441597
364 0.158763 0.405572 -0.342904 0.0593251 -0.0182099
365 0.16581 0.439259 -0.357033 0.0517952 -0.0277775
366 0.181226 0.434541 -0.33702 0.0558285 -0.0466219
367 0.177389 0.424141 -0.350197 0.0532722 -0.0533035
368 0.159457 0.450572 -0.349711 0.0452735 -0.0422214
369 0.180817 0.479325 -0.357019 0.0403932 -0.041706
370 0.157178 0.507908 -0.359539 0.0600159 -0.0457211
371 0.146502 0.506738 -0.341898 0.0685365 -0.0534041
372 0.153882 0.481507 -0.340255 0.0857963 -0.0368035
373 0.128599 0.500428 -0.341151 0.0761739 -0.0345187
374 0.140315 0.493008 -0.351943 0.0881406 -0.0339143
375 0.133443 0.492238 -0.349728 0.100753 -0.0404425
376 0.16703 0.493888 -0.361669 0.111753 -0.00955869
377 0.163751 0.50364 -0.341664 0.102035 -0.0268098
378 0.162451 0.497821 -0.335271 0.0992254 -0.0162892
379 0.157184 0.482911 -0.339005 0.0852177 -0.0263253
380 0.159711 0.485362 -0.340607 0.085121 -0.00334518
381 0.152306 0.473727 -0.320704 0.0866843 0.00391518
382 0.14747 0.501254 -0.313746 0.0695123 0.00707991
383 0.134873 0.512568 -0.298367 0.0665942 -0.00706243
384 0.146605 0.501006 -0.297844 0.0611608 0.00627689
385 0.163043 0.495466 -0.306069 0.0597781 0.0271558
386 0.144466 0.498409 -0.312485 0.0541423 0.0370738
387 0.15319 0.502907 -0.306178 0.0577877 0.0134078
388 0.164821 0.489114 -0.294717 0.0468865 0.0301134
389 0.199895 0.50961 -0.296606 0.0511433 0.0604628
390 0.195572 0.526489 -0.296348 0.0397956 0.0639532
391 0.195658 0.539179 -0.302593 0.0393444 0.0652499
392 0.226008 0.558456 -0.318338 0.0281753 0.0688095
393 0.222069 0.561104 -0.311637 0.0450456 0.0604872
394 0.230657 0.538508 -0.314741 0.0634157 0.0189132
395 0.243722 0.534853 -0.299396 0.0842977 0.0201705
396 0.228846 0.552493 -0.30087 0.0414414 0.0254031
397 0.211251 0.535941 -0.305527 0.03271 0.0315195
398 0.179694 0.543151 -0.296668 0.0202879 0.0294925
399 0.167043 0.575985 -0.289605 0.016592 0.0241345
400 0.173691 0.570674 -0.310681 0.00312154 0.00384164
401 0.140526 0.561073 -0.326254 -0.00436412 0.00546853
402 0.132144 0.533392 -0.359197 -0.0352463 0.0077226
403 0.155354 0.533083 -0.34538 -0.0337657 0.0204289
404 0.147693 0.530657 -0.329385 -0.0132963 0.0176337
405 0.124549 0.53565 -0.316708 -0.00381597 0.0300047
406 0.130185 0.545738 -0.310456 -0.0343383 0.0522858
407 0.0896527 0.558815 -0.306515 -0.0573031 0.0557425
408 0.110432 0.57053 -0.315705 -0.0480197 0.0479932
409 0.0899331 0.559014 -0.30853 -0.0240394 0.0605791
410 0.0801991 0.560509 -0.283184 -0.0419219 0.0640239
411 0.0670964 0.553964 -0.291675 -0.0485255 0.072331
412 0.0739295 0.512603 -0.279043 -0.0294938 0.0512634
413 0.0442332 0.517742 -0.294963 -0.0420397 0.0290211
414 0.0171818 0.528648 -0.267912 -0.0290931 0.00585036
415 0.0142689 0.514559 -0.252582 -0.0315609 -0.0101137
416 0.0107223 0.51789 -0.253885 -0.0290167 -0.0103155
417 0.0306787 0.49689 -0.22367 -0.00251485 0.00266927
418 0.0315153 0.494219 -0.189133 0.00115734 -0.00601345
419 0.0257216 0.506481 -0.201915 -0.0280554 0.0024327
420 0.0430653 0.525343 -0.221323 -0.0374574 0.00287578
421 0.00720089 0.524247 -0.235087 -0.0588182 0.0107734
422 0.0289912 0.492008 -0.238536 -0.057574 -0.0319564
423 0.0438513 0.481163 -0.2445 -0.0482097 -0.022975
424 0.0387299 0.48333 -0.234885 -0.0259701 -0.0131773
425 0.0594186 0.474025 -0.228725 0.00745537 0.00141507
426 0.0618563 0.453805 -0.225776 0.0162149 -0.00334533
427 0.0846146 0.464639 -0.242999 0.012624 -0.0209218
428 0.0454199 0.453194 -0.239986 -0.00642332 0.0072507
429 0.0213765 0.448664 -0.249656 0.000767755 -0.0133772
430 0.0118523 0.485137 -0.271901 0.00893395 -0.00160658
431 0.0167605 0.474804 -0.264669 -0.0146863 0.00411121
432 0.00789515 0.453918 -0.266355 -0.0484718 0.000965684
433 0.00666717 0.449256 -0.229799 -0.0163607 0.020816
434 0.00474793 0.489504 -0.209928 -0.0373906 0.0159233
435 0.0110363 0.503264 -0.201512 -0.0282983 0.0212178
436 0.0198492 0.479342 -0.196147 -0.0361821 0.0274788
437 -0.0031834 0.485149 -0.187235 -0.065185 0.0111838
438 -0.0237541 0.4944 -0.182983 -0.0518904 0.00207311
439 0.000410595 0.491978 -0.192957 -0.0545677 -0.00277951
440 -0.0207858 0.480455 -0.195916 -0.0534992 0.00196519
441 -0.0248089 0.462245 -0.203243 -0.069533 -0.000703891
442 -0.0150218 0.477199 -0.200087 -0.0619364 0.00201877
443 -0.0194026 0.464094 -0.191249 -0.077395 -0.0124481
444 -0.0131759 0.433816 -0.183294 -0.0560308 -0.0100687
445 -0.0129141 0.438408 -0.169719 -0.0472214 -0.00667312
446 -0.0155686 0.428172 -0.177314 -0.0510803 -0.00867746
447 -0.010134 0.433765 -0.18551 -0.0695025 0.0120284
448 -0.0173573 0.444858 -0.187886 -0.0618145 0.0196751
449 -0.0285883 0.470026 -0.23014 -0.0441748 0.0209668
450 -0.0159232 0.46723 -0.232568 -0.0662019 0.00571385
451 -0.047551 0.465652 -0.231596 -0.0297963 0.0152816
452 -0.0474565 0.475253 -0.222413 -0.0138322 0.0330376
453 -0.0270797 0.457509 -0.205687 -0.00126309 0.0308339
454 -0.0434202 0.450502 -0.189143 -0.00199885 0.0430247
455 -0.0447082 0.470857 -0.150079 -0.00762389 0.0287299
456 -0.0194275 0.460151 -0.155039 0.013455 0.0312957
457 -0.0188119 0.448344 -0.137312 0.0304905 0.00756327
458 -0.0260411 0.450369 -0.123318 0.0142143 0.00549326
459 -0.0034197 0.445716 -0.151044 -0.00716225 0.0346237
460 -0.0044469 0.42742 -0.151666 -0.00308313 0.083607
461 -0.0252343 0.438246 -0.164045 -0.00620643 0.0808367
462 -0.0581914 0.433228 -0.15951 -0.0292794 0.0638931
463 -0.0823053 0.449289 -0.177076 -0.0291189 0.0473133
464 -0.0989507 0.451695 -0.199296 -0.0271701 0.0349726
465 -0.0971734 0.433182 -0.208463 -0.041718 0.0322632
466 -0.0788931 0.421095 -0.215924 -0.0694964 0.0338326
467 -0.0755608 0.437305 -0.211489 -0.0747802 0.0338455
468 -0.0698051 0.432661 -0.187787 -0.0502805 0.0506379
469 -0.0772067 0.456104 -0.211256 -0.0462128 0.0366829
470 -0.0929428 0.459487 -0.211057 -0.0253286 0.039197
471 -0.0772764 0.438207 -0.200802 -0.0547248 0.0634499
472 -0.0751611 0.423296 -0.190187 -0.0986032 0.0588149
473 -0.109409 0.395545 -0.20465 -0.0904118 0.0644874
474 -0.103695 0.389693 -0.215246 -0.125878 0.0684672
475 -0.0845375 0.405165 -0.222752 -0.144281 0.0774199
476 -0.0843162 0.410964 -0.216262 -0.122598 0.0601806
477 -0.0825519 0.401933 -0.240571 -0.115677 0.0315967
478 -0.06112 0.379096 -0.248736 -0.126797 0.0356145
479 -0.050743 0.38184 -0.260473 -0.12885 0.0369562
480 -0.0614048 0.354702 -0.26835 -0.117327 0.0339112
481 -0.042292 0.357564 -0.243746 -0.0817685 0.0339423
482 -0.0473091 0.352634 -0.218113 -0.0839101 0.0189933
483 -0.0496574 0.343597 -0.22698 -0.0755359 0.055694
484 -0.0419932 0.357026 -0.253283 -0.0843944 0.0653815
485 -0.0294378 0.360897 -0.259583 -0.0775719 0.0469511
486 -0.0533549 0.378224 -0.2497 -0.0723749 0.043328
487 -0.0563616 0.377988 -0.233967 -0.0853294 0.0130976
488 -0.0641173 0.3704 -0.188078 -0.0779959 -0.00707104
489 -0.0445744 0.363724 -0.178936 -0.0651315 -0.0241454
490 -0.0576048 0.368772 -0.161837 -0.0938155 -0.0205707
491 -0.0500147 0.367205 -0.157622 -0.0939834 0.0141195
492 -0.0348903 0.346195 -0.150768 -0.0697149 -0.00903512
493 -0.0333448 0.3285 -0.155902 -0.0754383 -0.00783969
494 -0.0658644 0.330251 -0.172665 -0.106366 -0.00198967
495 -0.0731049 0.311787 -0.165364 -0.107317 0.00662555
496 -0.0868019 0.311999 -0.159312 -0.0979559 0.0281499
497 -0.0748162 0.310559 -0.141978 -0.108434 0.0192804
498 -0.0689027 0.319687 -0.145023 -0.138249 0.0127133
499 -0.0583114 0.329721 -0.152885 -0.130386 0.0108485
500 -0.0648812 0.321 -0.133526 -0.142008 0.00342676
501 -0.0672319 0.309606 -0.163274 -0.0989322 0.0227912
502 -0.0701361 0.320921 -0.137269 -0.0817643 0.0245081
503 -0.0659406 0.331826 -0.157525 -0.0632984 0.0264846
504 -0.0691441 0.305561 -0.147856 -0.0724116 0.0194643
505 -0.0857037 0.300669 -0.154893 -0.0972806 0.0227293
506 -0.0871546 0.299144 -0.13117 -0.098271 -0.00113392
507 -0.13496 0.286287 -0.114243 -0.11804 -0.000357143
508 -0.139873 0.281931 -0.0799926 -0.1155 -0.000207264
509 -0.128194 0.273306 -0.0875631 -0.119758 0.00483791
510 -0.0968888 0.283586 -0.0887662 -0.118612 0.0151642
511 -0.106649 0.261835 -0.0957273 -0.131169 0.0393316
512 -0.118038 0.280124 -0.0938179 -0.130153 0.0400672
513 -0.111799 0.294469 -0.0910754 -0.137588 0.000264186
514 -0.0961211 0.239296 -0.105241 -0.143912 0.0212105
515 -0.092183 0.239955 -0.109971 -0.147457 0.0299477
516 -0.095432 0.214207 -0.111133 -0.139885 0.0242788
517 -0.0759793 0.235473 -0.101058 -0.119811 0.0220147
518 -0.0633252 0.260805 -0.0907868 -0.139948 0.0417588
519 -0.0705516 0.252416 -0.0988262 -0.140272 0.0313666
520 -0.0619313 0.274986 -0.114742 -0.169988 0.0231642
521 -0.0519146 0.285661 -0.142365 -0.166294 0.00306911
522 -0.058923 0.26786 -0.118576 -0.158222 -0.00918871
523 -0.0491548 0.263914 -0.14109 -0.16129 -0.0158426
524 -0.0416437 0.259719 -0.130272 -0.181798 -0.0348885
525 -0.0542372 0.267246 -0.139888 -0.176057 -0.0356636
526 -0.0653633 0.274672 -0.140528 -0.182099 -0.0400525
527 -0.046353 0.271784 -0.143626 -0.188518 -0.00456065
528 -0.00775235 0.263359 -0.150375 -0.181309 -0.0240636
529 -0.0190954 0.247871 -0.105082 -0.186317 -0.020337
530 -0.0257899 0.250008 -0.0861524 -0.204703 -0.0199834
531 -0.00121449 0.247103 -0.07789 -0.209097 -0.0216925
532 0.000319931 0.241207 -0.0974656 -0.178771 -0.0200605
533 0.00481636 0.265471 -0.0721001 -0.180362 -0.00424646
534 -0.00295031 0.253647 -0.0706816 -0.165875 -0.037134
535 0.0152472 0.251686 -0.0728168 -0.150808 -0.0704672
536 0.0140248 0.244613 -0.105576 -0.157582 -0.0850545
537 0.0141565 0.238455 -0.11755 -0.154198 -0.0564046
538 0.00624108 0.2306 -0.0963758 -0.155354 -0.0692971
539 0.0135784 0.217511 -0.114786 -0.129241 -0.0772346
540 0.00622264 0.218439 -0.109147 -0.141706 -0.122062
541 0.0469218 0.229296 -0.0904884 -0.139525 -0.116007
542 0.0560587 0.22396 -0.0583808 -0.15151 -0.120336
543 0.0528748 0.249942 -0.0621357 -0.169004 -0.11868
544 0.0839141 0.241527 -0.055634 -0.160579 -0.105858
545 0.0872761 0.234019 -0.0335029 -0.17172 -0.0847759
546 0.087507 0.224214 -0.0316293 -0.160749 -0.0840899
547 0.0649121 0.226923 -0.0150573 -0.159888 -0.0901318
548 0.0770319 0.239647 -0.0206794 -0.167079 -0.0749598
549 0.0604439 0.220143 0.00150766 -0.165362 -0.0878014
550 0.0281958 0.201493 0.00981785 -0.14468 -0.0748533
551 0.0241386 0.219872 0.0132791 -0.153717 -0.0806443
552 0.0450245 0.231313 0.0382515 -0.169462 -0.0803962
553 0.0723454 0.242535 0.0405609 -0.159277 -0.112566
554 0.0892099 0.253295 0.0406943 -0.141258 -0.091788
555 0.0804149 0.243229 0.0426086 -0.137874 -0.101097
556 0.0920683 0.254437 0.0376332 -0.124607 -0.111987
557 0.0845598 0.251592 0.0603238 -0.141138 -0.1015
558 0.0915994 0.243863 0.04826 -0.143944 -0.0948491
559 0.0899918 0.249674 0.0520436 -0.144341 -0.113371
560 0.0986611 0.233318 0.0480742 -0.153762 -0.104078
561 0.084733 0.224626 0.0626883 -0.179485 -0.11898
562 0.0815956 0.244015 0.0930112 -0.207446 -0.110054
563 0.052012 0.214149 0.132683 -0.219369 -0.118631
564 0.0554924 0.21893 0.141038 -0.234647 -0.0906023
565 0.063974 0.206654 0.153418 -0.233211 -0.0961135
566 0.0874272 0.217987 0.171319 -0.24946 -0.0916043
567 0.0839905 0.22426 0.190746 -0.239999 -0.0867797
568 0.0725281 0.222285 0.173808 -0.220199 -0.0956308
569 0.061091 0.215348 0.167213 -0.230595 -0.106506
570 0.0589928 0.190042 0.16317 -0.219499 -0.099292
571 0.0686994 0.206827 0.157436 -0.189061 -0.123586
572 0.0292602 0.204698 0.145769 -0.20269 -0.0932851
573 0.0363041 0.19993 0.126142 -0.209157 -0.0966469
574 0.0335647 0.195062 0.0954489 -0.214581 -0.0953713
575 0.0346528 0.211515 0.0994603 -0.219528 -0.0752964
576 0.0546328 0.217582 0.0695438 -0.240738 -0.0837787
577 0.0565705 0.219929 0.0840202 -0.239093 -0.0645375
578 0.0438786 0.205672 0.0754274 -0.243399 -0.0734274
579 0.0567638 0.196304 0.0806367 -0.257636 -0.0570962
580 0.0325156 0.178035 0.0714997 -0.242586 -0.0368922
581 0.0251392 0.174404 0.0819821 -0.241478 -0.0451946
582 0.00909732 0.142114 0.0822464 -0.232245 -0.0274928
583 -0.00574332 0.147214 0.0961901 -0.195029 -0.0534738
584 -0.020813 0.133416 0.0807429 -0.191591 -0.0566837
585 -0.0218011 0.149131 0.0934769 -0.200671 -0.0695519
586 -0.0236306 0.150016 0.106615 -0.225529 -0.0211489
587 0.00329802 0.150313 0.0962486 -0.23239 -0.0208747
588 -0.00682714 0.170949 0.107672 -0.262275 -0.0482161
589 -0.0200809 0.171536 0.0977405 -0.277608 -0.03718
590 -0.0363398 0.162759 0.0980345 -0.288775 -0.0376999
591 -0.0298902 0.168052 0.082687 -0.3129 -0.0287724
592 -0.0607103 0.173697 0.0751899 -0.323309 0.00217459
593 -0.0656763 0.186911 0.0727967 -0.323682 -0.0132572
594 -0.0682482 0.180154 0.0793931 -0.336183 -0.0186682
595 -0.0525761 0.179679 0.11504 -0.340421 -0.021064
596 -0.0432985 0.174123 0.126758 -0.36276 -0.0100167
597 -0.0317803 0.17959 0.120396 -0.40471 -0.0278724
598 -0.0315693 0.198481 0.110008 -0.396249 -0.0286522
599 -0.0440008 0.212363 0.121075 -0.393442 -0.0168996
600 -0.0494121 0.191192 0.119722 -0.367355 -0.0217403
601 -0.047234 0.178965 0.125116 -0.403164 -0.052484
602 -0.0351829 0.171121 0.0995406 -0.408304 -0.0387011
603 -0.0309818 0.184315 0.0773323 -0.388392 -0.0532651
604 -0.0417097 0.216495 0.06662 -0.395805 -0.0505403
605 -0.0549535 0.213125 0.0471197 -0.392424 -0.0536263
606 -0.0565204 0.22019 0.0392507 -0.385786 -0.0319935
607 -0.0598827 0.187352 0.0443387 -0.358207 -0.0385803
608 -0.0546046 0.181124 0.030641 -0.350639 -0.0344861
609 -0.0382331 0.172779 0.0486559 -0.368583 -0.0653342
610 -0.0295202 0.153599 0.0371818 -0.370279 -0.0770234
611 -0.0257683 0.145708 0.0778945 -0.380302 -0.0713395
612 -0.0558174 0.16152 0.0819006 -0.384703 -0.0722073
613 -0.0446675 0.16609 0.0967809 -0.386621 -0.0918824
614 -0.0487207 0.157903 0.0826579 -0.382655 -0.0777541
615 -0.0304823 0.165663 0.0420077 -0.404058 -0.0886804
616 -0.0325079 0.166931 0.0561943 -0.415678 -0.0852088
617 -0.0428127 0.167228 0.056866 -0.408404 -0.0723598
618 -0.00751778 0.2015 0.0600416 -0.397799 -0.0725927
619 -0.0217332 0.161675 0.0479295 -0.393284 -0.0601319
620 -0.0550823 0.174036 0.0778393 -0.399639 -0.0748564
621 -0.0477396 0.153112 0.078609 -0.415971 -0.0664434
622 -0.0867441 0.148406 0.0647131 -0.410884 -0.0520793
623 -0.10056 0.177361 0.0578052 -0.393867 -0.0670703
624 -0.103527 0.216724 0.058519 -0.379719 -0.0492091
625 -0.105672 0.189032 0.0525622 -0.385439 -0.0879858
626 -0.104841 0.186879 0.0421582 -0.402238 -0.130876
627 -0.0947859 0.203793 0.0611889 -0.41727 -0.122912
628 -0.116739 0.186288 0.0742418 -0.445838 -0.107022
629 -0.113615 0.156937 0.0913041 -0.440787 -0.0960309
630 -0.130129 0.128653 0.08599 -0.459315 -0.0855567
631 -0.150165 0.114357 0.110295 -0.448643 -0.0628768
632 -0.144502 0.120374 0.125205 -0.44142 -0.0832005
633 -0.149936 0.116918 0.104628 -0.424348 -0.0830104
634 -0.17048 0.0783573 0.102709 -0.449201 -0.0697378
635 -0.176228 0.0975475 0.10291 -0.422686 -0.079329
636 -0.197651 0.0921825 0.128452 -0.451989 -0.0838082
637 -0.230509 0.0983148 0.111884 -0.46536 -0.113247
638 -0.241071 0.0957175 0.100707 -0.465333 -0.111252
639 -0.252825 0.0917111 0.0774826 -0.497631 -0.142717
640 -0.256 0.0989028 0.0839756 -0.492576 -0.158415
641 -0.254433 0.0947548 0.0776774 -0.473815 -0.185818
642 -0.28382 0.108122 0.0587197 -0.487029 -0.191255
643 -0.278849 0.114627 0.0532158 -0.476464 -0.212736
644 -0.268053 0.124947 0.0376359 -0.465605 -0.2118
645 -0.263627 0.118304 0.0137428 -0.480167 -0.224684
646 -0.265347 0.118151 0.0141034 -0.474039 -0.222413
647 -0.266257 0.0956837 0.0137802 -0.469664 -0.229232
648 -0.269282 0.0917008 0.0163746 -0.482189 -0.228716
649 -0.284741 0.0728198 0.0298979 -0.454313 -0.213346
650 -0.301163 0.0504493 0.0320979 -0.439576 -0.214307
651 -0.310671 0.0447279 0.0362523 -0.44652 -0.19931
652 -0.315441 0.03676 0.0119961 -0.432161 -0.196369
653 -0.330617 0.0551941 0.0470701 -0.419639 -0.181103
654 -0.324663 0.042986 0.00969214 -0.406971 -0.204444
655 -0.315939 0.0203728 0.0200946 -0.404391 -0.231794
656 -0.304573 0.000972542 0.032669 -0.398095 -0.227822
657 -0.308322 0.0320568 0.0543715 -0.383517 -0.197431
658 -0.322652 0.0216487 0.0789798 -0.382779 -0.197648
659 -0.294754 -0.00500545 0.0863718 -0.369071 -0.189969
660 -0.296071 -0.00704699 0.12033 -0.354496 -0.213573
661 -0.301144 -0.00436129 0.111987 -0.342596 -0.228344
662 -0.301333 -0.00920424 0.0812352 -0.322178 -0.227337
663 -0.28614 0.00153816 0.0654068 -0.325438 -0.240771
664 -0.288357 -0.0119279 0.046194 -0.326834 -0.227646
665 -0.301074 -0.022787 0.0028075 -0.320491 -0.194148
666 -0.301237 -0.0224432 0.00439537 -0.350725 -0.202044
667 -0.294641 -0.0415843 -0.0357902 -0.348158 -0.186576
668 -0.308553 -0.0393991 -0.0396045 -0.314567 -0.179048
669 -0.303096 -0.0395008 -0.0455674 -0.314981 -0.243848
670 -0.290304 -0.054615 -0.0640763 -0.300946 -0.245712
671 -0.279312 -0.069208 -0.0792297 -0.306522 -0.247561
672 -0.260777 -0.0627621 -0.102195 -0.265215 -0.244854
673 -0.283527 -0.0578775 -0.109126 -0.257941 -0.273387
674 -0.258374 -0.0528811 -0.096795 -0.2707 -0.290566
675 -0.260984 -0.057675 -0.103455 -0.258926 -0.268955
676 -0.269544 -0.0484308 -0.0649639 -0.281881 -0.258437
677 -0.273739 -0.0501636 -0.0640735 -0.28914 -0.239778
678 -0.28752 -0.0592967 -0.0575332 -0.290822 -0.277108
679 -0.295915 -0.0810956 -0.0535924 -0.270818 -0.251877
680 -0.29292 -0.0814171 -0.0603696 -0.285275 -0.256861
681 -0.295165 -0.0801779 -0.0472852 -0.289133 -0.22266
682 -0.276873 -0.110194 -0.045323 -0.289994 -0.227288
683 -0.280794 -0.0775698 -0.0256061 -0.305889 -0.232915
684 -0.267301 -0.109075 -0.0199163 -0.310596 -0.223299
685 -0.274923 -0.103207 -0.0126755 -0.302685 -0.228121
686 -0.275962 -0.124254 -0.029464 -0.287438 -0.232145
687 -0.266303 -0.117075 -0.04 -0.275688 -0.207028
688 -0.260934 -0.143735 -0.0564451 -0.289016 -0.199893
689 -0.254285 -0.149963 -0.0631937 -0.290677 -0.20111
690 -0.244694 -0.169051 -0.0419534 -0.26512 -0.19682
691 -0.239949 -0.164388 -0.0428197 -0.275401 -0.207183
692 -0.231646 -0.160722 -0.0375184 -0.268144 -0.213425
693 -0.23867 -0.159739 -0.0402561 -0.255665 -0.211686
694 -0.236114 -0.163191 -0.0250752 -0.222458 -0.216617
695 -0.237178 -0.170846 -0.041068 -0.224262 -0.251756
696 -0.253573 -0.183193 -0.0382189 -0.227858 -0.254395
697 -0.263924 -0.180735 -0.0401321 -0.256577 -0.261703
698 -0.276569 -0.171324 -0.0312193 -0.263706 -0.278805
699 -0.294313 -0.169002 -0.0440408 -0.276913 -0.284404
700 -0.288391 -0.173592 -0.0467712 -0.272289 -0.301734
701 -0.291821 -0.188885 -0.0251637 -0.244494 -0.302947
702 -0.321819 -0.197955 -0.00525917 -0.233475 -0.320468
703 -0.327814 -0.206413 -0.00931834 -0.229482 -0.341358
704 -0.320649 -0.216176 -0.0196016 -0.235712 -0.316367
705 -0.323603 -0.228986 -0.0156656 -0.217908 -0.323596
706 -0.329631 -0.233603 -0.00945537 -0.20372 -0.322696
707 -0.32119 -0.227344 -0.00378291 -0.184327 -0.292464
708 -0.333597 -0.216423 0.00996698 -0.202192 -0.271445
709 -0.330788 -0.233752 0.0314942 -0.201053 -0.259616
710 -0.352122 -0.229358 0.0305366 -0.2069 -0.238331
711 -0.350492 -0.277394 0.00217423 -0.173437 -0.248416
712 -0.335586 -0.27189 0.0208998 -0.181107 -0.218375
713 -0.355011 -0.288141 0.035201 -0.188653 -0.214755
714 -0.332821 -0.303136 0.0317145 -0.1772 -0.241033
715 -0.35649 -0.319695 0.0394239 -0.15098 -0.23862
716 -0.379798 -0.328567 0.0579612 -0.166958 -0.242159
717 -0.352075 -0.347642 0.0391893 -0.182071 -0.212653
718 -0.378503 -0.35138 0.0595854 -0.169823 -0.228787
719 -0.378854 -0.354799 0.0594343 -0.17425 -0.212853
720 -0.346701 -0.364245 0.0948396 -0.180345 -0.210254
721 -0.347528 -0.361799 0.113693 -0.166584 -0.215221
722 -0.358836 -0.370897 0.128106 -0.155571 -0.229187
723 -0.336032 -0.356766 0.148463 -0.172246 -0.237615
724 -0.306826 -0.362354 0.142383 -0.140664 -0.270148
725 -0.300468 -0.36028 0.143905 -0.160378 -0.289578
726 -0.317187 -0.376227 0.156256 -0.183496 -0.278107
727 -0.300861 -0.400374 0.160468 -0.163626 -0.311856
728 -0.292201 -0.380509 0.173248 -0.147292 -0.308246
729 -0.29649 -0.348713 0.190704 -0.129767 -0.320594
730 -0.289404 -0.304924 0.215264 -0.149487 -0.302731
731 -0.315153 -0.332413 0.214056 -0.144001 -0.300447
732 -0.305511 -0.328886 0.199951 -0.164838 -0.288506
733 -0.284808 -0.368845 0.217635 -0.183045 -0.301034
734 -0.272047 -0.360887 0.220116 -0.182347 -0.307196
735 -0.257825 -0.370427 0.249656 -0.16219 -0.321351
736 -0.26825 -0.379001 0.228351 -0.175629 -0.312246
737 -0.247025 -0.350332 0.224814 -0.168894 -0.318037
738 -0.232182 -0.316866 0.193949 -0.17407 -0.320697
739 -0.219699 -0.326915 0.199111 -0.192575 -0.30999
740 -0.224247 -0.3354 0.196923 -0.204882 -0.298395
741 -0.223789 -0.338548 0.218698 -0.199623 -0.315257
742 -0.222435 -0.341022 0.218365 -0.211363 -0.32575
743 -0.198099 -0.342456 0.184548 -0.196809 -0.346556
744 -0.20799 -0.37602 0.212451 -0.197618 -0.33997
745 -0.221336 -0.351488 0.206896 -0.199011 -0.316598
746 -0.206306 -0.365492 0.194501 -0.197064 -0.29554
747 -0.203935 -0.350109 0.209959 -0.203602 -0.306952
748 -0.221016 -0.319797 0.204274 -0.191448 -0.31098
749 -0.231836 -0.281017 0.190737 -0.18256 -0.320242
750 -0.213817 -0.28798 0.218474 -0.183253 -0.315371
751 -0.223875 -0.272897 0.182904 -0.144423 -0.341727
752 -0.222232 -0.257931 0.163465 -0.16504 -0.3558
753 -0.234376 -0.250765 0.1819 -0.166656 -0.351791
754 -0.243042 -0.246264 0.204371 -0.145747 -0.347294
755 -0.231884 -0.245821 0.233902 -0.151476 -0.355238
756 -0.266954 -0.263308 0.232842 -0.153145 -0.355141
757 -0.254614 -0.234612 0.237606 -0.170914 -0.346162
758 -0.228162 -0.249546 0.216401 -0.152591 -0.335754
759 -0.238663 -0.266896 0.214385 -0.137473 -0.337681
760 -0.234488 -0.242292 0.225941 -0.123757 -0.355049
761 -0.217827 -0.225484 0.241137 -0.12621 -0.357486
762 -0.204259 -0.258069 0.230113 -0.135069 -0.363806
763 -0.194817 -0.242094 0.226608 -0.143392 -0.352367
764 -0.199004 -0.250393 0.230481 -0.173914 -0.358247
765 -0.220378 -0.235189 0.238881 -0.204314 -0.373164
766 -0.21479 -0.247284 0.238451 -0.229435 -0.404298
767 -0.195347 -0.237991 0.201494 -0.223657 -0.383719
768 -0.196226 -0.236077 0.235699 -0.20955 -0.414646
769 -0.184448 -0.22218 0.255448 -0.2198 -0.412882
770 -0.171948 -0.204162 0.272872 -0.233877 -0.406669
771 -0.177537 -0.205301 0.285265 -0.236422 -0.386871
772 -0.16229 -0.224584 0.277695 -0.224521 -0.401405
773 -0.181377 -0.22279 0.293737 -0.197883 -0.396406
774 -0.202524 -0.184667 0.316887 -0.18118 -0.381382
775 -0.210527 -0.184675 0.317373 -0.218641 -0.352405
776 -0.204425 -0.193569 0.330216 -0.199636 -0.321159
777 -0.205585 -0.188075 0.294307 -0.175717 -0.335227
778 -0.212411 -0.198341 0.332371 -0.151623 -0.34764
779 -0.229895 -0.192576 0.308074 -0.152756 -0.317512
780 -0.223712 -0.186069 0.316663 -0.169597 -0.331258
781 -0.219339 -0.177426 0.341371 -0.187581 -0.33412
782 -0.215623 -0.15329 0.337017 -0.182478 -0.341405
783 -0.214704 -0.160223 0.338803 -0.172002 -0.364807
784 -0.211431 -0.144842 0.35724 -0.172843 -0.360821
785 -0.194672 -0.145402 0.3634 -0.181478 -0.376581
786 -0.182495 -0.144052 0.382957 -0.187681 -0.360078
787 -0.18267 -0.147403 0.373266 -0.205583 -0.348838
788 -0.170137 -0.127761 0.373089 -0.222338 -0.326937
789 -0.148481 -0.147634 0.356476 -0.241079 -0.322292
790 -0.174041 -0.147513 0.346714 -0.242031 -0.31876
791 -0.182127 -0.17138 0.348764 -0.221657 -0.30291
792 -0.188085 -0.159976 0.349278 -0.231525 -0.283833
793 -0.196073 -0.139883 0.353885 -0.230691 -0.266924
794 -0.215116 -0.136679 0.363713 -0.21732 -0.274867
795 -0.203734 -0.139689 0.378533 -0.23191 -0.260653
796 -0.204864 -0.16574 0.388267 -0.246873 -0.251959
797 -0.217733 -0.166211 0.416366 -0.273704 -0.247363
798 -0.200039 -0.201932 0.406008 -0.274069 -0.260617
799 -0.201705 -0.201699 0.414297 -0.25999 -0.25709
800 -0.205426 -0.202337 0.417358 -0.253504 -0.233438
801 -0.223015 -0.213399 0.417792 -0.230131 -0.229906
802 -0.242297 -0.223864 0.447244 -0.236915 -0.235609
803 -0.268688 -0.199454 0.478402 -0.251319 -0.233724
804 -0.27503 -0.205299 0.498859 -0.251815 -0.218557
805 -0.292302 -0.204314 0.533982 -0.226223 -0.225692
806 -0.290652 -0.206183 0.521987 -0.240858 -0.204418
807 -0.3028 -0.185818 0.516053 -0.225283 -0.209533
808 -0.297567 -0.195504 0.515128 -0.240445 -0.191251
809 -0.29705 -0.196373 0.533726 -0.253083 -0.1915
810 -0.275363 -0.205189 0.570784 -0.261477 -0.173302
811 -0.289561 -0.199686 0.551662 -0.244592 -0.182043
812 -0.265723 -0.227437 0.570728 -0.237304 -0.196786
813 -0.290584 -0.226495 0.557541 -0.207672 -0.175021
814 -0.296131 -0.210475 0.573688 -0.227367 -0.177612
815 -0.289415 -0.2116 0.586725 -0.229092 -0.193905
816 -0.264425 -0.221761 0.594367 -0.23139 -0.218584
817 -0.281223 -0.206492 0.576706 -0.22817 -0.221439
818 -0.26892 -0.226068 0.584954 -0.227564 -0.209066
819 -0.30023 -0.249667 0.572665 -0.236533 -0.209181
820 -0.29262 -0.259544 0.57048 -0.232866 -0.232443
821 -0.296073 -0.222052 0.585486 -0.221039 -0.218415
822 -0.300847 -0.218562 0.561179 -0.260986 -0.231802
823 -0.299014 -0.189171 0.561392 -0.234718 -0.232495
824 -0.324164 -0.217939 0.55747 -0.220452 -0.218794
825 -0.327492 -0.196974 0.531162 -0.225173 -0.20737
826 -0.303865 -0.216267 0.529318 -0.239962 -0.224916
827 -0.304824 -0.202025 0.537597 -0.273962 -0.223627
828 -0.289936 -0.214852 0.547638 -0.267345 -0.234409
829 -0.279643 -0.21873 0.557707 -0.25346 -0.20707
830 -0.265917 -0.227207 0.569886 -0.263795 -0.203126
831 -0.288836 -0.210658 0.566417 -0.26215 -0.208178
832 -0.268742 -0.211066 0.571714 -0.25274 -0.215398
833 -0.292376 -0.223533 0.598777 -0.257431 -0.216236
834 -0.299082 -0.206663 0.601878 -0.266054 -0.236265
835 -0.297596 -0.226995 0.629749 -0.258697 -0.234673
836 -0.325723 -0.217812 0.629332 -0.256989 -0.236479
837 -0.321437 -0.205186 0.657693 -0.259207 -0.210639
838 -0.318568 -0.220467 0.646803 -0.270685 -0.230756
839 -0.282981 -0.229281 0.668123 -0.262375 -0.202523
840 -0.262028 -0.252971 0.713891 -0.258305 -0.215371
841 -0.273791 -0.249372 0.708008 -0.244633 -0.220922
842 -0.262031 -0.257413 0.713338 -0.236061 -0.233193
843 -0.257621 -0.267637 0.705439 -0.255714 -0.23934
844 -0.264062 -0.25629 0.710398 -0.258854 -0.247989
845 -0.25799 -0.25921 0.70703 -0.265797 -0.235397
846 -0.238663 -0.281375 0.707174 -0.247557 -0.257235
847 -0.240618 -0.306601 0.715368 -0.271433 -0.224128
848 -0.253674 -0.302485 0.691248 -0.243351 -0.204719
849 -0.25889 -0.31285 0.681758 -0.245595 -0.214336
850 -0.268856 -0.310358 0.664228 -0.258706 -0.225153
851 -0.294985 -0.309369 0.649328 -0.260344 -0.219277
852 -0.280824 -0.323707 0.641159 -0.297211 -0.235746
853 -0.279437 -0.318223 0.633821 -0.308906 -0.246819
854 -0.301116 -0.337336 0.643693 -0.300505 -0.230004
855 -0.292946 -0.342938 0.628689 -0.288512 -0.211432
856 -0.298344 -0.367331 0.63869 -0.311143 -0.213196
857 -0.280511 -0.362577 0.659857 -0.31855 -0.235898
858 -0.282914 -0.333309 0.624309 -0.322169 -0.246591
859 -0.26739 -0.319882 0.627519 -0.306911 -0.212599
860 -0.241697 -0.34061 0.615599 -0.325061 -0.233877
861 -0.226213 -0.36032 0.615292 -0.316995 -0.239398
862 -0.214206 -0.374099 0.622144 -0.328422 -0.242593
863 -0.208832 -0.340807 0.626803 -0.300795 -0.238828
864 -0.194892 -0.341646 0.624632 -0.280288 -0.261111
865 -0.177284 -0.335093 0.652018 -0.283974 -0.235857
866 -0.182459 -0.336113 0.605581 -0.296424 -0.233026
867 -0.179948 -0.330903 0.628892 -0.282968 -0.250947
868 -0.16841 -0.342183 0.591198 -0.274134 -0.24121
869 -0.17129 -0.330774 0.586705 -0.278934 -0.246137
870 -0.16959 -0.341961 0.563841 -0.275197 -0.243191
871 -0.194425 -0.31279 0.576107 -0.275934 -0.243632
872 -0.196502 -0.329404 0.566928 -0.250611 -0.241933
873 -0.194221 -0.323342 0.561846 -0.253397 -0.21111
874 -0.177844 -0.312529 0.520247 -0.257169 -0.190278
875 -0.178032 -0.341207 0.509015 -0.249233 -0.196003
876 -0.204112 -0.356684 0.516922 -0.247022 -0.195155
877 -0.202477 -0.362971 0.512917 -0.23972 -0.177944
878 -0.213683 -0.382683 0.481821 -0.235329 -0.166551
879 -0.22481 -0.370115 0.489759 -0.22664 -0.164176
880 -0.223061 -0.366109 0.478907 -0.268323 -0.160288
881 -0.247217 -0.383356 0.480987 -0.258982 -0.161608
882 -0.252573 -0.366989 0.491085 -0.271891 -0.188381
883 -0.260936 -0.361475 0.478809 -0.270362 -0.187024
884 -0.290584 -0.35766 0.457892 -0.262084 -0.20536
885 -0.282417 -0.360362 0.44835 -0.242903 -0.200373
886 -0.28298 -0.360165 0.444108 -0.238925 -0.185183
887 -0.286503 -0.353685 0.448278 -0.222659 -0.186049
888 -0.294166 -0.344983 0.45933 -0.212702 -0.198598
889 -0.30524 -0.325401 0.454948 -0.22147 -0.189755
890 -0.298234 -0.31555 0.418994 -0.22077 -0.191175
891 -0.318338 -0.338094 0.413442 -0.198884 -0.196755
892 -0.328576 -0.337152 0.422951 -0.212651 -0.184353
893 -0.353807 -0.349964 0.41847 -0.218637 -0.183517
894 -0.343843 -0.350015 0.42971 -0.220101 -0.169935
895 -0.347478 -0.357494 0.425987 -0.22718 -0.157128
896 -0.333781 -0.341831 0.437629 -0.219926 -0.138322
897 -0.362707 -0.34464 0.445556 -0.24405 -0.124693
898 -0.371899 -0.347715 0.442057 -0.25362 -0.117217
899 -0.390011 -0.359037 0.427034 -0.272332 -0.0844755
900 -0.368342 -0.353056 0.431365 -0.290755 -0.0975768
901 -0.40979 -0.344546 0.420531 -0.275988 -0.0994438
902 -0.389827 -0.358803 0.432442 -0.29265 -0.073538
903 -0.381881 -0.385396 0.407677 -0.290485 -0.0342387
904 -0.360445 -0.39122 0.421377 -0.310686 -0.0111285
905 -0.375144 -0.397993 0.427476 -0.325544 -0.0161477
906 -0.407341 -0.367642 0.434126 -0.327798 -0.0388358
907 -0.404328 -0.381686 0.443912 -0.329478 -0.0511136
908 -0.396808 -0.397183 0.418952 -0.345639 -0.052863
909 -0.408661 -0.389437 0.412981 -0.33003 -0.0677602
910 -0.418619 -0.410416 0.396196 -0.339947 -0.0775029
911 -0.393151 -0.401511 0.42423 -0.340474 -0.120362
912 -0.410581 -0.395818 0.432667 -0.343088 -0.103411
913 -0.418514 -0.393749 0.407731 -0.352146 -0.0808744
914 -0.423943 -0.3918 0.399256 -0.348982 -0.0676545
915 -0.425997 -0.411951 0.384023 -0.355278 -0.0639322
916 -0.424527 -0.3952 0.380398 -0.344778 -0.0611273
917 -0.417278 -0.420055 0.375882 -0.348873 -0.0619548
918 -0.40916 -0.372198 0.383138 -0.36807 -0.0401904
919 -0.40746 -0.357507 0.376363 -0.352474 -0.0386218
920 -0.393323 -0.363087 0.378838 -0.353787 -0.043172
921 -0.394383 -0.341461 0.402925 -0.323131 -0.0174299
922 -0.374057 -0.31668 0.401193 -0.338902 -0.0604655
923 -0.373711 -0.328543 0.376177 -0.366371 -0.0485278
924 -0.361529 -0.326426 0.368245 -0.385674 -0.0334684
925 -0.370336 -0.319665 0.374214 -0.382394 -0.0150595
926 -0.372113 -0.329768 0.349686 -0.387521 -0.0340346
927 -0.3522 -0.308556 0.388235 -0.389247 -0.0347515
928 -0.342035 -0.299364 0.397921 -0.386616 -0.045035
929 -0.334011 -0.311767 0.417796 -0.390218 -0.0465968
930 -0.318281 -0.293048 0.397459 -0.414441 -0.0464149
931 -0.338709 -0.312099 0.380391 -0.410741 -0.0423715
932 -0.335056 -0.326079 0.381692 -0.408728 -0.0446987
933 -0.335883 -0.297159 0.348652 -0.397399 -0.040622
934 -0.352418 -0.298795 0.354921 -0.401756 -0.0130873
935 -0.358133 -0.31204 0.350216 -0.41672 0.00801223
936 -0.344602 -0.323112 0.330476 -0.410591 0.01913
937 -0.350841 -0.327164 0.33819 -0.383569 0.0112743
938 -0.351412 -0.325271 0.33827 -0.411989 -0.00938538
939 -0.351186 -0.328171 0.308617 -0.448596 -0.0335416
940 -0.336789 -0.329784 0.303058 -0.466873 -0.0235682
941 -0.318552 -0.32329 0.330863 -0.474799 -0.0336073
942 -0.303266 -0.320374 0.352902 -0.468613 -0.0328985
943 -0.315537 -0.316445 0.355871 -0.498513 -0.0234596
944 -0.329114 -0.304834 0.356113 -0.482322 -0.000258564
945 -0.344502 -0.300028 0.361434 -0.481135 0.00158889
946 -0.32974 -0.31756 0.36796 -0.493004 0.00323687
947 -0.340248 -0.311467 0.362267 -0.513397 -0.00549057
948 -0.345624 -0.291936 0.355191 -0.540441 -0.0224028
949 -0.32065 -0.29416 0.338456 -0.528006 0.0115515
950 -0.317734 -0.310026 0.363449 -0.526336 -0.0107658
951 -0.336714 -0.294435 0.350545 -0.526773 -0.00783477
952 -0.318382 -0.297825 0.372616 -0.529405 0.0188478
953 -0.31776 -0.291508 0.346221 -0.504197 -0.00897427
954 -0.324485 -0.28085 0.349217 -0.497821 -0.0236467
955 -0.304158 -0.264502 0.34194 -0.511293 -0.0403332
956 -0.325885 -0.259417 0.319744 -0.512051 -0.0061843
957 -0.291393 -0.2338 0.333855 -0.503024 -0.0223205
958 -0.283462 -0.250878 0.326444 -0.486597 -0.0297269
959 -0.238945 -0.245253 0.342892 -0.48038 -0.0256106
960 -0.240164 -0.240487 0.354906 -0.478276 -0.0159898
961 -0.234461 -0.247898 0.316087 -0.455449 -0.0056463
962 -0.226582 -0.25582 0.321397 -0.452681 -0.0455624
963 -0.229424 -0.249943 0.325984 -0.470335 -0.0240318
964 -0.222938 -0.284875 0.332482 -0.490012 -0.0223764
965 -0.24123 -0.316292 0.33651 -0.504079 -0.0211049
966 -0.229689 -0.289618 0.333838 -0.525893 -0.0215572
967 -0.210932 -0.312421 0.341339 -0.561323 -0.0182493
968 -0.219817 -0.31795 0.388062 -0.574513 -0.036297
969 -0.231883 -0.31383 0.3888 -0.544441 -0.0352082
970 -0.246286 -0.291403 0.408948 -0.532264 -0.0389839
971 -0.245912 -0.260905 0.397528 -0.550792 -0.029789
972 -0.239226 -0.267254 0.35731 -0.532413 -0.0142728
973 -0.212133 -0.278629 0.361892 -0.536915 0.00865578
974 -0.195861 -0.256676 0.394472 -0.511508 -0.0101346
975 -0.208296 -0.234477 0.380495 -0.513642 -0.0260143
976 -0.223715 -0.257756 0.375485 -0.514225 -0.036375
977 -0.201964 -0.26177 0.358588 -0.513641 -0.030373
978 -0.21573 -0.271722 0.324782 -0.544533 -0.045318
979 -0.214921 -0.26884 0.30616 -0.549692 -0.0413626
980 -0.230461 -0.259466 0.315697 -0.526636 -0.0484753
981 -0.1987 -0.248146 0.305426 -0.534034 -0.0462476
982 -0.207903 -0.257226 0.296185 -0.527178 -0.0835724
983 -0.168886 -0.245987 0.29679 -0.534424 -0.0726371
984 -0.170169 -0.247822 0.316831 -0.511222 -0.0785796
985 -0.184568 -0.221536 0.31574 -0.535786 -0.0876805
986 -0.190572 -0.203392 0.319913 -0.510787 -0.0898102
987 -0.187534 -0.208547 0.32097 -0.499226 -0.101728
988 -0.185937 -0.221175 0.336146 -0.518077 -0.0806431
989 -0.170279 -0.195429 0.337171 -0.5093 -0.0784371
990 -0.166457 -0.192004 0.350471 -0.511051 -0.0634311
991 -0.155355 -0.196154 0.336663 -0.519729 -0.0721644
992 -0.1525 -0.176499 0.342836 -0.516967 -0.0658971
993 -0.156626 -0.188398 0.322999 -0.512722 -0.0572772
994 -0.172823 -0.190722 0.321571 -0.499791 -0.034733
995 -0.19292 -0.171132 0.321426 -0.489032 -0.0684952
996 -0.212296 -0.151389 0.334056 -0.499905 -0.0783508
997 -0.182585 -0.171037 0.356578 -0.521347 -0.0658294
998 -0.160935 -0.18445 0.327877 -0.563229 -0.0704171
999 -0.162254 -0.18679 0.301154 -0.558548 -0.0663784
