0 106.465 0.0155112
1 91.3645 0.0480543
2 108.091 0.071432
3 77.6629 0.03238
4 125.808 0.0132962
5 149.307 0.112741
6 89.5348 0.0119991
7 93.6872 0.0082002
8 90.5514 0.0120685
9 99.3073 0.0617298
10 124.606 0.102902
11 156.752 0.17139
12 129.228 0.0222933
13 103.957 0.012855
14 115.682 0.015788
15 93.4026 0.0188136
16 148.605 0.0622886
17 221.635 0.12845
18 74.352 0.0148253
19 124.721 0.123335
20 115.682 0.0280604
21 104.501 0.0581558
22 90.9012 0.00942646
23 91.413 0.00678925
24 123.939 0.0896621
25 92.1598 0.00784744
26 105.282 0.13529
27 100.619 0.00782539
28 120.465 0.0829748
29 95.4116 0.00168828
30 109.316 0.0581586
31 101.353 0.0494679
32 102.039 0.00241256
33 149.504 0.0278508
34 173.327 0.0386372
35 159.254 0.0654524
36 107.416 0.0696722
37 115.511 0.0554868
38 85.2455 0.00800955
39 93.1683 0.0141881
40 132.811 0.0144395
41 82.6648 0.00556706
42 85.8372 0.0113293
43 91.5414 0.00244765
44 76.3548 0.0159612
45 85.8142 0.00481766
46 120.054 0.0568333
47 123.991 0.132192
48 78.008 0.0187325
49 84.4444 0.00513722
50 142.694 0.09475
51 126.656 0.0405486
52 115.399 0.0413944
53 87.8798 0.0401009
54 84.9537 0.017111
55 96.3377 0.0261903
56 113.907 0.00538893
57 101.869 0.00357548
58 78.6086 0.0114109
59 178.713 0.105035
60 108.765 0.0746564
61 104.034 0.019445
62 94.2282 0.00599314
63 111.129 0.0712252
64 88.5397 0.0226025
65 141.453 0.0503312
66 128.76 0.0506105
67 81.923 0.00552584
68 140.877 0.0489486
69 95.789 0.0206821
70 84.8765 0.0120179
71 127.689 0.0343672
72 93.4389 0.0238121
73 133.571 0.0955667
74 87.4975 0.0107447
75 79.5808 0.00797478
76 97.4829 0.00167736
77 132.756 0.0246126
78 91.755 0.0304089
79 93.6233 0.0104259
80 165.563 0.181587
81 82.3485 0.0109904
82 86.9735 0.0229581
83 231.434 0.0841528
84 100.754 0.0818142
85 99.9244 0.0158528
86 88.4478 0.0301298
87 100.372 0.000685949
88 140.554 0.062814
89 164.109 0.0531889
90 148.41 0.0370479
91 87.4675 0.0131841
92 102.812 0.021638
93 113.416 0.0101457
94 72.1069 0.0256117
95 95.142 0.0380336
96 96.3307 0.043233
97 105.348 0.0069678
98 105.518 0.0289056
99 99.1537 0.000419349
100 134.596 0.109348
101 121.731 0.1093
102 126.713 0.0913845
103 96.8039 0.0130435
104 76.8862 0.0319244
105 130.647 0.0146858
106 112.399 0.0340645
107 98.7938 0.0318743
108 135.11 0.0247793
109 128.986 0.0834327
110 107.513 0.0756855
111 100.316 0.0097414
112 99.9834 0.000524259
113 124.947 0.052515
114 87.6541 7.90735e-05
115 120.098 0.111152
116 149.268 0.0419298
117 98.7755 0.019157
118 88.7249 0.0219182
119 90.6542 0.001651
120 110.12 0.122845
121 108.881 0.0478121
122 102.355 0.0278624
123 91.3588 0.0199416
124 102.611 0.00912114
125 82.723 0.01938
126 86.5498 0.0324505
127 115.267 0.0232355
128 100.65 0.00247416
129 90.6319 -1.31672e-05
130 174.179 0.0458959
131 124.767 0.0425248
132 175.705 0.0636814
133 93.1914 0.00211771
134 119.668 0.0427525
135 84.9117 0.0185304
136 78.3579 0.0256437
137 97.498 0.0592299
138 95.2041 0.0155264
139 107.564 0.0337527
140 110.002 0.00223672
141 100.024 0.0180298
142 102.534 0.101286
143 86.4051 0.0246399
144 82.7811 0.0195924
145 108.75 0.0283994
146 91.9114 0.00492488
147 176.31 0.112701
148 159.432 0.146949
149 96.7445 0.0199606
150 90.2888 0.00397647
151 204.697 0.0754938
152 108.642 0.068129
153 114.169 0.104894
154 107.398 0.00764126
155 128.701 0.0240657
156 91.6454 0.0149333
157 99.5391 0.0100614
158 137.537 0.0560638
159 89.5411 0.0101094
160 86.9536 0.0212036
161 106.876 0.0701776
162 92.2505 0.00221566
163 78.0459 0.0163005
164 144.115 0.0212109
165 73.7984 0.00426286
166 89.7251 0.00288323
167 114.121 0.0226983
168 93.1378 0.0104186
169 116.797 0.0943513
170 111.592 0.125245
171 80.3169 0.0214808
172 90.6616 0.00531257
173 144.747 0.101682
174 108.742 0.0265229
175 110.194 0.0592253
176 167.336 0.110656
177 104.531 0.209989
178 99.5798 0.0470841
179 101.419 0.0210705
180 94.7598 0.00417341
181 158.691 0.0651318
182 104.423 0.0612931
183 91.1934 0.0705234
184 85.1755 0.00771006
185 95.3935 0.00146687
186 126.919 0.0615404
187 92.8939 0.00649613
188 85.1863 0.0287389
189 131.538 0.0499381
190 138.306 0.0797245
191 107.462 0.0788728
192 72.6051 0.0175254
193 72.9109 0.0183583
194 112.299 0.0174563
195 80.586 0.0223626
196 110.124 0.0235406
197 148.155 0.0547823
198 99.3234 0.0280758
199 75.3219 0.0228804
200 87.4196 0.0253507
201 130.652 0.0355719
202 96.0854 0.0105728
203 143.291 0.0820922
204 114.987 0.0574469
205 96.1972 0.0289761
206 112.228 0.0345227
207 107.763 0.0286483
208 83.3961 0.0016432
209 133.835 0.0922938
210 76.3009 0.0113334
211 146.979 0.0407818
212 86.0979 0.0197861
213 101.371 0.00139604
214 149.489 0.0396826
215 201.324 0.0808624
216 118.382 0.106011
217 96.3835 0.0185599
218 95.1701 0.031304
219 113.714 0.114718
220 92.4402 0.00239989
221 146.918 0.0812331
222 95.542 0.024374
223 99.7683 0.0412915
224 155.859 0.0574243
225 102.405 0.0399211
226 205.927 0.0792983
227 84.4635 0.0178334
228 130.786 0.0573336
229 120.411 0.0232845
230 106.295 0.0102191
231 119.784 0.061894
232 196.551 0.113944
233 84.4856 0.00697749
234 84.5746 0.00219158
235 95.3067 0.0426845
236 113.293 0.0327295
237 79.7499 0.0121553
238 160.636 0.0420498
239 140.76 0.0640088
240 131.865 0.0457815
241 102.202 0.0120596
242 107.553 2.75667e-05
243 98.3667 0.0349699
244 163.485 0.158239
245 106.59 0.0230549
246 104.871 0.0476901
247 121.885 0.0993616
248 105.579 0.0819028
249 101.818 0.000339737
250 100.247 0.00552313
251 95.445 0.0282976
252 101.672 0.0933707
253 97.287 0.0247991
254 91.6074 0.0016437
255 107.285 0.0300069
256 104.192 0.00194642
257 125.941 0.0452155
258 102.2 0.0390812
259 133.773 0.152579
260 130.508 0.0634233
261 124.374 0.179678
262 85.8844 0.0247628
263 142.295 0.101243
264 113.483 0.0665905
265 118.044 0.00646753
266 138.881 0.105564
267 97.0539 0.00288532
268 143.849 0.0284506
269 95.2935 0.0377744
270 127.726 0.0714888
271 87.1105 0.00638774
272 145.664 0.0561012
273 119.152 0.108408
274 87.4238 0.0332058
275 105.64 0.0846874
276 169.418 0.061328
277 98.3638 0.0189587
278 126.195 0.0419767
279 108.472 0.0448064
280 88.3417 0.00904664
281 84.3855 0.00137397
282 135.19 0.0775532
283 94.5526 0.0074919
284 108.984 0.0351466
285 110.952 0.0644296
286 140.709 0.0639234
287 100.385 0.00253337
288 94.3778 0.0365653
289 117.225 0.0519397
290 115.69 0.0587704
291 107.106 0.0213942
292 106.572 0.061424
293 79.5434 0.00314252
294 111.381 0.0358672
295 97.5824 0.0985141
296 120.261 0.0507547
297 103.951 0.0202357
298 94.179 0.0203576
299 95.8377 0.0324692
300 138.663 0.0540116
301 136.888 0.107359
302 87.8108 0.0118337
303 109.499 0.0176348
304 136.14 0.0839908
305 89.6524 0.0446991
306 126.143 0.0510842
307 148.988 0.0599549
308 130.122 0.0978614
309 119.794 0.112168
310 226.271 0.0734665
311 148.677 0.132266
312 116.044 0.0695957
313 100.3 0.0515351
314 106.449 0.00337499
315 105.833 0.0901026
316 95.5834 0.0175072
317 131.738 0.0461646
318 105.72 0.0409938
319 122.208 0.0422211
320 138.145 0.0896188
321 110.972 0.0734739
322 92.4035 0.0118252
323 89.285 0.0303162
324 100.837 0.00092281
325 124.139 0.0244052
326 95.7507 0.00872762
327 98.8841 0.043243
328 100.899 0.00689152
329 104.621 0.0097581
330 95.8079 0.00502464
331 98.5793 0.0537938
332 99.8605 0.0100913
333 199.772 0.0803437
334 104.295 0.0254367
335 116.509 0.0558149
336 122.073 0.141286
337 106.862 0.010821
338 98.5414 0.00898199
339 85.082 0.0172744
340 88.458 0.0292276
341 91.6625 0.0361439
342 113.774 0.0148344
343 106.859 0.0463515
344 122.318 0.0588015
345 104.433 0.0536416
346 125.235 0.0521967
347 95.3417 0.0642555
348 112.462 0.160506
349 116.004 0.0217135
350 134.257 0.0590426
351 83.3447 0.0107765
352 114.323 0.011236
353 81.3463 0.0331363
354 117.802 0.0733133
355 104.834 -3.82324e-06
356 132.633 0.0694661
357 132.663 0.0841079
358 80.6354 0.0394459
359 99.0677 0.0113241
360 132.888 0.0393778
361 98.6773 0.0338044
362 109.182 0.141488
363 103.715 0.0560647
364 177.438 0.127938
365 103.69 0.0368299
366 131.543 0.108441
367 107.051 0.0143793
368 125.173 0.02516
369 128.449 0.0314118
370 124.426 0.0205166
371 85.6737 0.00408768
372 101.317 0.0278499
373 83.7744 0.00858646
374 108.878 0.026538
375 112.628 0.0485541
376 92.0321 0.0186942
377 161.416 0.0966702
378 146.33 0.0851947
379 86.3222 0.0208131
380 125.72 0.128527
381 137.885 0.0620884
382 112.119 0.053713
383 118.725 0.0445173
384 84.1178 0.0212357
385 144.571 0.0726176
386 86.6859 0.0247624
387 74.461 0.00522338
388 109.05 0.0258575
389 110.499 0.0162066
390 89.2891 0.0205123
391 73.86 0.0174321
392 85.7587 0.0193094
393 91.8644 0.0016741
394 96.5248 0.0112995
395 116.967 0.0287353
396 119.512 0.0358287
397 99.5335 0.0369498
398 122.341 0.0407211
399 86.7514 0.0141798
400 93.345 0.00275554
401 101.882 0.070294
402 118.553 0.00450631
403 94.5701 0.0204575
404 84.4928 0.118271
405 85.715 0.0100053
406 87.847 0.000343095
407 146.577 0.0121755
408 160.793 0.0849907
409 135.823 0.0723008
410 99.6409 0.0258755
411 123.457 0.0462674
412 106.451 0.131922
413 85.0119 0.00549684
414 97.9798 0.0224596
415 238.176 0.151571
416 111.642 0.0731427
417 130.417 0.104691
418 69.551 0.0338109
419 106.138 0.234078
420 128.001 0.0842904
421 85.6176 0.02178
422 87.6803 0.00377884
423 102.783 0.014006
424 129.205 0.0984906
425 76.3813 0.0113295
426 92.44 0.0592495
427 139.191 0.0749652
428 103.126 -9.17275e-05
429 81.4806 0.010331
430 88.2349 0.0226077
431 101.156 0.0215643
432 82.707 0.00680774
433 149.102 0.0971316
434 162.706 0.0683267
435 90.7022 0.0511573
436 102.634 0.0037591
437 83.1391 0.0196503
438 96.5015 0.00659939
439 144.282 0.0590294
440 116.239 0.0716407
441 111.496 0.0954841
442 130.956 0.0976295
443 111.524 0.0563546
444 100.815 0.0403502
445 134.525 0.0864226
446 81.544 0.00808527
447 131.916 0.100682
448 100.034 0.00137945
449 114.14 0.0681038
450 114.801 0.0937628
451 85.4612 0.0207079
452 98.6338 0.00456487
453 148.545 0.0627698
454 120.502 0.0762772
455 117.744 0.050175
456 73.5546 0.0154419
457 144.75 0.132117
458 103.779 0.0112368
459 118.167 0.0419734
460 92.461 0.00534174
461 87.931 0.000442641
462 90.6839 0.00761111
463 104.38 0.0163058
464 122.233 0.0118606
465 100.164 0.00211142
466 105.789 0.0168844
467 97.1193 0.0188048
468 112.767 0.00734192
469 95.8631 0.0099071
470 129.837 0.0620461
471 176.163 0.139913
472 95.4131 0.0361373
473 94.0954 0.01903
474 97.1191 0.00506186
475 96.7818 0.011763
476 119.706 0.0398824
477 99.3128 0.0778959
478 122.559 0.0324825
479 121.217 0.186593
480 105.649 0.0200521
481 162.061 0.143002
482 102.754 0.132296
483 113.253 0.0460339
484 91.2897 0.0286727
485 84.8537 0.0105161
486 116.303 0.0314238
487 94.7459 0.00608453
488 98.7059 0.000493707
489 118.848 0.118945
490 142.462 0.0328731
491 129.245 0.132626
492 152.218 0.11914
493 92.6398 0.0191445
494 99.4645 7.72708e-05
495 139.639 0.0535154
496 121.48 0.0974208
497 83.2226 0.00533527
498 94.9893 0.0142309
499 97.6076 0.00295836
500 143.02 0.119925
501 107.792 0.0832305
502 118.399 0.124573
503 83.4405 0.0161277
504 173.26 0.073532
505 163.711 0.100143
506 105.503 0.0297411
507 94.7716 0.00453594
508 105.975 0.0245726
509 120.039 0.0676621
510 123.639 0.0338855
511 114.407 0.0686338
512 112.802 0.00897619
513 104.916 0.0152155
514 118.997 0.0592161
515 106.9 0.0385228
516 122.807 0.0357723
517 135.147 0.0387737
518 164.24 0.109035
519 102.04 0.00707693
520 85.2016 0.00919417
521 99.4274 0.0342547
522 101.677 0.00239935
523 133.011 0.121701
524 160.367 0.0637701
525 140.377 0.0635236
526 90.3023 0.02045
527 93.904 0.00260605
528 51.4114 0.0120951
529 100.617 0.0788218
530 116.01 0.0526613
531 98.9863 0.00400629
532 106.872 0.00941486
533 143.12 0.030927
534 104.362 0.0229272
535 136.49 0.0625726
536 109.665 0.0290098
537 80.2615 0.00603142
538 124.254 0.109196
539 97.1352 0.0164843
540 82.3049 0.00122795
541 126.311 0.0395325
542 79.7878 0.00345647
543 129.526 0.0399876
544 78.1822 0.00790147
545 75.9795 0.0234348
546 232.386 0.0657408
547 95.3517 0.00470298
548 133.345 0.0536907
549 125.395 0.0468029
550 88.5346 0.00728875
551 108.528 0.034954
552 92.0156 0.00021352
553 102.168 0.000293693
554 105.99 0.00504237
555 135.19 0.0512449
556 125.137 0.0529304
557 116.976 0.0239704
558 98.2199 0.066306
559 120.656 0.0153074
560 74.1164 0.0061648
561 106.608 0.0734035
562 74.4814 0.0280751
563 141.153 0.128592
564 97.6155 0.0113493
565 113.221 0.0355433
566 90.0174 0.00808826
567 110.572 0.0427066
568 112.004 0.026945
569 89.3128 0.0152607
570 101.317 0.0279094
571 189.805 0.0739236
572 145.184 0.0927814
573 79.6126 0.00918832
574 97.6326 0.0146473
575 121.146 0.00451394
576 87.1726 0.0196688
577 168.476 0.0643904
578 124.532 0.00738857
579 154.827 0.0577712
580 122.941 0.0859637
581 139.071 0.0923032
582 78.0588 0.0182758
583 96.7297 0.0580692
584 112.656 0.00156892
585 131.684 0.0917024
586 113.389 0.00915348
587 85.1256 0.00434092
588 97.2692 0.0182926
589 118.728 0.0325007
590 97.8921 0.00814072
591 107.519 0.00734037
592 109.985 0.049933
593 88.5231 0.00837355
594 86.1766 0.0271396
595 91.9566 0.00607018
596 87.7304 8.41525e-05
597 82.8828 0.00308764
598 95.8538 0.00313056
599 81.7119 0.0170434
600 98.3519 0.00304736
601 80.7091 0.0193881
602 126.176 0.107708
603 121.276 0.0643389
604 124.525 0.0149303
605 87.9553 0.00955545
606 135.605 0.0624906
607 109.362 0.100741
608 128.088 0.0370524
609 81.1235 0.0113643
610 118.819 0.128817
611 82.4624 0.0470811
612 90.8588 0.0217974
613 79.4317 -0.000430312
614 133.733 0.0764976
615 89.2854 0.0205903
616 83.1376 0.0223352
617 108.141 0.0847646
618 144.943 0.0334495
619 170.557 0.164773
620 93.3838 0.0483628
621 104.958 0.0336135
622 122.633 0.0274574
623 81.5745 0.0116392
624 164.547 0.074513
625 96.1053 0.0156139
626 84.6696 0.00124636
627 105.603 0.0319601
628 120.346 0.0463314
629 150.672 0.0264047
630 113.325 0.0980343
631 106.518 0.00517655
632 82.9487 0.0170763
633 120.361 0.0684205
634 98.9157 0.011979
635 117.449 0.0427723
636 117.808 0.0473491
637 114.026 0.086906
638 127.017 0.0468387
639 76.4825 0.0118032
640 102.54 0.0411597
641 157.847 0.0524444
642 210.291 0.153431
643 82.925 0.0140418
644 86.4506 0.0279439
645 119.279 0.0535999
646 155.874 0.171842
647 89.888 0.0109847
648 120.302 0.0877826
649 127.837 0.0597955
650 123.87 0.0167239
651 144.57 0.0397532
652 87.0462 0.00526075
653 89.2956 0.00299688
654 87.0128 0.00527755
655 135.768 0.0337175
656 130.905 0.0892072
657 113.164 0.0514012
658 98.3155 0.0392037
659 97.6289 0.00854126
660 91.8026 0.0103296
661 111.903 0.185802
662 82.1746 0.0166458
663 85.9678 0.0263932
664 109.759 0.0570181
665 131.781 0.106043
666 117.079 0.0189604
667 111.135 0.0214529
668 91.9495 0.00136807
669 98.3036 0.0127954
670 86.576 0.013026
671 142.727 0.0709794
672 112.235 0.00619413
673 89.2801 0.00943482
674 90.8769 0.00203829
675 160.812 0.216535
676 87.9601 0.029584
677 126.101 0.179604
678 94.3685 0.0155289
679 129.091 0.0497836
680 125.163 0.0484999
681 167.511 0.170926
682 118.425 0.0874951
683 92.5913 0.0122908
684 115.516 0.0543089
685 87.2291 0.0118873
686 109.285 0.0182021
687 116.098 0.0802917
688 130.486 0.0468705
689 112.989 0.0439272
690 79.4364 0.00720515
691 107.074 0.0126423
692 103.375 0.0101155
693 154.588 0.115844
694 150.982 0.0254127
695 97.5138 0.00771477
696 117.998 0.0453941
697 124.225 0.0163116
698 103.167 0.0067244
699 117.64 0.0661026
700 97.9169 0.0039572
701 86.3238 0.0292585
702 131.691 0.0436737
703 112.634 0.0320715
704 115.782 0.0313558
705 87.6597 0.000746907
706 77.5291 0.0128943
707 132.811 0.0363867
708 166.486 0.120889
709 80.1695 0.0409658
710 122.861 0.0809927
711 154.727 0.0414453
712 84.6379 0.00593244
713 106.09 0.0137879
714 118.56 0.0475013
715 90.347 0.00384057
716 114.292 0.0778644
717 106.309 0.0612697
718 88.389 0.0044955
719 110.312 0.0208443
720 86.4889 0.0145063
721 101.388 0.0354046
722 89.6238 0.0113643
723 85.3995 0.0165145
724 110.443 0.0448012
725 122.732 0.0495908
726 109.773 0.0420095
727 143.92 0.0257217
728 121.388 0.0510083
729 80.2021 0.00325364
730 119.452 0.133996
731 96.8881 1.48604e-05
732 115.384 0.0489266
733 154.877 0.0988209
734 83.1778 0.0122463
735 78.0329 0.0102188
736 110.247 0.070025
737 97.8555 0.00185434
738 103.055 0.000681032
739 113.783 0.0852153
740 87.3493 0.0410007
741 105.845 0.0166784
742 139.57 0.0567616
743 79.3661 0.0109365
744 140.786 0.119777
745 95.4626 9.35951e-05
746 88.9774 0.00777238
747 113.221 0.0128962
748 122.619 0.091938
749 99.245 0.00861935
750 84.6067 0.030602
751 118.03 0.0573152
752 86.9418 0.00536167
753 88.8508 0.0102773
754 114.117 0.0834694
755 93.9324 0.0187026
756 72.5978 0.00774436
757 109.185 0.0334995
758 110.218 0.0587499
759 130.072 0.029704
760 88.8316 0.0115684
761 104.575 0.0286112
762 114.047 0.054645
763 100.197 0.0297441
764 101.625 -6.52972e-06
765 131.737 0.0190521
766 78.818 0.0247256
767 179.047 0.0694914
768 142.126 0.0417082
769 103.985 0.0345198
770 110.203 0.0725303
771 102.082 0.00652956
772 108.829 0.0253524
773 97.6936 0.0639707
774 92.4415 0.0417352
775 121.246 0.0109373
776 128.806 0.120097
777 108.984 0.0248373
778 97.2076 0.0533143
779 92.2449 0.00568492
780 114.056 0.00939357
781 89.4596 0.00234372
782 102.466 0.00106394
783 91.9176 0.0231213
784 158.312 0.0509127
785 101.993 0.165291
786 127.938 0.0564842
787 136.102 0.161133
788 116.514 0.100629
789 93.9902 0.006151
790 115.863 0.0301962
791 98.3328 0.105323
792 106.406 0.013143
793 60.4385 0.0195031
794 125.176 0.0748888
795 111.593 0.0778907
796 162.259 0.0500884
797 101.517 0.00217791
798 147.425 0.0696602
799 99.8866 5.0424e-05
800 137.332 0.121298
801 84.7299 0.0109037
802 91.7636 0.0129957
803 97.9236 0.0517137
804 120.519 0.0826313
805 113.686 0.0363292
806 155.809 0.0534661
807 104.734 0.0534069
808 79.8957 0.0127376
809 145.621 0.0950053
810 121.27 0.114577
811 168.937 0.0698466
812 125.414 0.0106733
813 91.1904 0.000336107
814 71.2514 0.0284963
815 104.009 0.0380482
816 95.8293 0.0341582
817 107.999 0.00277384
818 94.2792 0.0463221
819 85.9078 0.0513399
820 100.874 0.0512881
821 152.158 0.165577
822 116.228 0.0228788
823 106.607 0.0388499
824 106.928 0.105256
825 119.514 0.0761026
826 75.6172 0.00847356
827 171.98 0.0249571
828 141.333 0.0703688
829 98.3784 0.0283881
830 137.514 0.0786074
831 82.3219 0.00197112
832 108.398 0.130981
833 93.5687 0.00370211
834 104.869 0.0281581
835 119.984 0.0159527
836 100.372 0.0174167
837 113.326 0.0813794
838 83.0211 0.0228462
839 79.427 0.0258709
840 121.62 0.0702486
841 135.477 0.0455901
842 106.019 0.134319
843 85.9767 0.00873279
844 101.645 0.0397111
845 165.477 0.0748941
846 190.739 0.0568088
847 106.223 0.0210924
848 110.098 0.0923526
849 88.3741 0.00392213
850 100.254 0.00484519
851 92.9657 0.0185323
852 109.194 0.0230169
853 151.407 0.107567
854 141.08 0.0554172
855 115.748 0.0282637
856 129.964 0.0760057
857 104.663 0.0413954
858 98.0613 0.0600434
859 108.101 0.0401871
860 115.709 0.000858466
861 144.067 0.0313708
862 118.643 0.135533
863 184.11 0.0756579
864 120.613 0.0291875
865 101.41 0.0630945
866 87.7061 0.0161928
867 125.785 0.019114
868 77.7494 0.00610271
869 243.366 0.0468359
870 142.022 0.0780566
871 66.9263 0.0279836
872 89.158 0.00257098
873 107.923 0.0274549
874 110.544 0.0311706
875 113.156 0.070629
876 108.583 0.0518121
877 89.3993 0.0133338
878 78.4883 0.00350737
879 98.5176 0.00950528
880 109.219 0.0788757
881 136.408 0.0112575
882 109.093 0.0392682
883 94.6887 0.00167708
884 109.755 0.00929128
885 96.533 0.00436973
886 101.544 0.000203392
887 96.7971 0.00237354
888 151.339 0.0813991
889 103.637 0.0164656
890 118.179 0.148507
891 109.067 0.0451205
892 113.499 0.0101493
893 95.1334 0.0183068
894 98.0964 0.00969296
895 110.336 0.0227579
896 103.611 0.00108572
897 93.6477 0.00669386
898 128.684 0.0846431
899 129.958 0.0708565
900 81.1916 0.00330653
901 114.64 0.0545555
902 100.811 0.0160826
903 140.209 0.07597
904 145.86 0.0961188
905 98.1865 0.0219678
906 184.319 0.0887197
907 82.0205 0.000714833
908 120.852 0.0636282
909 95.2776 0.0182915
910 102.269 0.0522577
911 109.918 0.0388709
912 78.1002 0.015051
913 124.483 0.0762704
914 134.85 0.028666
915 100.551 0.0191885
916 112.791 0.0698983
917 118.798 0.0360961
918 153.798 0.0884009
919 90.923 0.0155278
920 111.296 0.0977591
921 141.228 0.0443852
922 138.232 0.0828656
923 139.602 0.111789
924 131.769 0.0410945
925 103.023 0.0393333
926 93.2821 0.00937878
927 108.883 0.0167104
928 77.6511 0.0205941
929 95.0896 0.0213917
930 88.8147 0.0180147
931 124.374 0.181386
932 169.904 0.141921
933 98.739 0.010352
934 126.806 0.0955303
935 90.7893 0.00600346
936 132.956 0.0367279
937 101.931 0.0336573
938 125.3 0.0204966
939 136.364 0.0572095
940 96.3769 0.050233
941 117.389 0.0265047
942 128.605 0.0614769
943 104.613 0.150106
944 114.094 0.085196
945 145.452 0.211322
946 116.053 0.0544239
947 119.787 0.0741942
948 117.211 0.0725257
949 95.1598 0.0362831
950 125.377 0.0751989
951 107.484 0.00913007
952 95.1001 0.188235
953 108.685 0.0364096
954 103.32 0.00316737
955 103.279 0.0147564
956 113.752 0.0523996
957 81.6976 0.0143891
958 119.351 0.0940904
959 94.2049 0.0256473
960 123.709 0.0336909
961 112.435 0.114138
962 99.5001 0.0103832
963 140.527 0.0642367
964 84.634 0.0254261
965 131.753 0.053016
966 124.869 0.0294687
967 96.3611 0.0308096
968 61.6125 0.0266342
969 98.6783 0.0172553
970 144.437 0.0857255
971 128.616 0.120615
972 89.7951 0.015333
973 104.601 -0.000173071
974 113.072 0.0413904
975 84.4432 0.00331683
976 98.9744 0.0665508
977 125.432 0.0105507
978 123.111 0.0326965
979 94.0272 0.0165077
980 102.335 0.00513908
981 119.037 0.0180695
982 134.904 0.0888116
983 103.051 0.0439065
984 101.154 0.0186018
985 160.599 0.0503802
986 104.547 0.021394
987 119.222 0.0597972
988 140.496 0.075861
989 92.5109 0.0172893
990 95.2757 0.0184623
991 130.575 0.0333515
992 131.661 0.094115
993 95.1165 0.00335225
994 171.074 0.0172971
995 115.496 0.0430928
996 95.8505 0.0106751
997 126.468 0.0685145
998 92.8253 0.0573838
999 92.8798 0.0222479
