0 1 1 1 1
1 0.995012 0.995
2 0.99005 0.990025
3 0.985112 0.985075
4 0.980199 0.98015
5 0.97531 0.975249
6 0.970446 0.970373
7 0.965605 0.965521
8 0.960789 0.960693
9 0.955997 0.95589
10 0.951229 0.95111 0.95
11 0.946485 0.946355
12 0.941765 0.941623
13 0.937067 0.936915
14 0.932394 0.93223
15 0.927743 0.927569
16 0.923116 0.922931
17 0.918512 0.918316
18 0.913931 0.913725
19 0.909373 0.909156
20 0.904837 0.90461 0.9025
21 0.900325 0.900087
22 0.895834 0.895587
23 0.891366 0.891109
24 0.88692 0.886654
25 0.882497 0.88222
26 0.878095 0.877809
27 0.873716 0.87342
28 0.869358 0.869053
29 0.865022 0.864708
30 0.860708 0.860384 0.857375
31 0.856415 0.856082
32 0.852144 0.851802
33 0.847894 0.847543
34 0.843665 0.843305
35 0.839457 0.839089
36 0.83527 0.834893
37 0.831104 0.830719
38 0.826959 0.826565
39 0.822835 0.822432
40 0.818731 0.81832 0.814506
41 0.814647 0.814229
42 0.810584 0.810157
43 0.806541 0.806107
44 0.802519 0.802076
45 0.798516 0.798066
46 0.794534 0.794075
47 0.790571 0.790105
48 0.786628 0.786154
49 0.782705 0.782224
50 0.778801 0.778313 0.773781
51 0.774916 0.774421
52 0.771052 0.770549
53 0.767206 0.766696
54 0.763379 0.762863
55 0.759572 0.759048
56 0.755784 0.755253
57 0.752014 0.751477
58 0.748264 0.747719
59 0.744532 0.743981
60 0.740818 0.740261 0.735092
61 0.737123 0.73656
62 0.733447 0.732877
63 0.729789 0.729212
64 0.726149 0.725566
65 0.722527 0.721939
66 0.718924 0.718329
67 0.715338 0.714737
68 0.71177 0.711164
69 0.70822 0.707608
70 0.704688 0.70407 0.698337
71 0.701173 0.700549
72 0.697676 0.697047
73 0.694197 0.693561
74 0.690734 0.690094
75 0.687289 0.686643
76 0.683861 0.68321
77 0.680451 0.679794
78 0.677057 0.676395
79 0.67368 0.673013
80 0.67032 0.669648 0.66342
81 0.666977 0.6663
82 0.66365 0.662968
83 0.66034 0.659653
84 0.657047 0.656355
85 0.65377 0.653073
86 0.650509 0.649808
87 0.647265 0.646559
88 0.644036 0.643326
89 0.640824 0.640109
90 0.637628 0.636909 0.630249
91 0.634448 0.633724
92 0.631284 0.630556
93 0.628135 0.627403
94 0.625002 0.624266
95 0.621885 0.621145
96 0.618783 0.618039
97 0.615697 0.614949
98 0.612626 0.611874
99 0.609571 0.608815
100 0.606531 0.60577 0.598737 0.5
101 0.603506 0.602742
102 0.600496 0.599728
103 0.597501 0.596729
104 0.594521 0.593746
105 0.591555 0.590777
106 0.588605 0.587823
107 0.585669 0.584884
108 0.582748 0.581959
109 0.579842 0.57905
110 0.57695 0.576154 0.5688
111 0.574072 0.573274
112 0.571209 0.570407
113 0.56836 0.567555
114 0.565525 0.564717
115 0.562705 0.561894
116 0.559898 0.559084
117 0.557106 0.556289
118 0.554327 0.553508
119 0.551563 0.55074
120 0.548812 0.547986 0.54036
121 0.546074 0.545246
122 0.543351 0.54252
123 0.540641 0.539808
124 0.537944 0.537108
125 0.535261 0.534423
126 0.532592 0.531751
127 0.529935 0.529092
128 0.527292 0.526447
129 0.524663 0.523814
130 0.522046 0.521195 0.513342
131 0.519442 0.518589
132 0.516851 0.515996
133 0.514274 0.513416
134 0.511709 0.510849
135 0.509156 0.508295
136 0.506617 0.505754
137 0.50409 0.503225
138 0.501576 0.500709
139 0.499074 0.498205
140 0.496585 0.495714 0.487675
141 0.494109 0.493236
142 0.491644 0.490769
143 0.489192 0.488316
144 0.486752 0.485874
145 0.484325 0.483445
146 0.481909 0.481027
147 0.479505 0.478622
148 0.477114 0.476229
149 0.474734 0.473848
150 0.472367 0.471479 0.463291
151 0.470011 0.469121
152 0.467666 0.466776
153 0.465334 0.464442
154 0.463013 0.46212
155 0.460704 0.459809
156 0.458406 0.45751
157 0.45612 0.455222
158 0.453845 0.452946
159 0.451581 0.450682
160 0.449329 0.448428 0.440127
161 0.447088 0.446186
162 0.444858 0.443955
163 0.442639 0.441735
164 0.440432 0.439527
165 0.438235 0.437329
166 0.436049 0.435142
167 0.433874 0.432967
168 0.431711 0.430802
169 0.429557 0.428648
170 0.427415 0.426505 0.41812
171 0.425283 0.424372
172 0.423162 0.42225
173 0.421052 0.420139
174 0.418952 0.418038
175 0.416862 0.415948
176 0.414783 0.413868
177 0.412714 0.411799
178 0.410656 0.40974
179 0.408608 0.407691
180 0.40657 0.405653 0.397214
181 0.404542 0.403625
182 0.402524 0.401606
183 0.400517 0.399598
184 0.398519 0.3976
185 0.396531 0.395612
186 0.394554 0.393634
187 0.392586 0.391666
188 0.390628 0.389708
189 0.38868 0.387759
190 0.386741 0.385821 0.377354
191 0.384812 0.383891
192 0.382893 0.381972
193 0.380983 0.380062
194 0.379083 0.378162
195 0.377192 0.376271
196 0.375311 0.37439
197 0.373439 0.372518
198 0.371577 0.370655
199 0.369723 0.368802
200 0.367879 0.366958 0.358486 0.25
201 0.366045 0.365123
202 0.364219 0.363297
203 0.362402 0.361481
204 0.360595 0.359674
205 0.358796 0.357875
206 0.357007 0.356086
207 0.355226 0.354305
208 0.353455 0.352534
209 0.351692 0.350771
210 0.349938 0.349017 0.340562
211 0.348192 0.347272
212 0.346456 0.345536
213 0.344728 0.343808
214 0.343009 0.342089
215 0.341298 0.340379
216 0.339596 0.338677
217 0.337902 0.336983
218 0.336216 0.335298
219 0.33454 0.333622
220 0.332871 0.331954 0.323534
221 0.331211 0.330294
222 0.329559 0.328643
223 0.327915 0.326999
224 0.32628 0.325364
225 0.324652 0.323738
226 0.323033 0.322119
227 0.321422 0.320508
228 0.319819 0.318906
229 0.318224 0.317311
230 0.316637 0.315725 0.307357
231 0.315058 0.314146
232 0.313486 0.312575
233 0.311923 0.311012
234 0.310367 0.309457
235 0.308819 0.30791
236 0.307279 0.306371
237 0.305746 0.304839
238 0.304221 0.303315
239 0.302704 0.301798
240 0.301194 0.300289 0.291989
241 0.299692 0.298788
242 0.298197 0.297294
243 0.29671 0.295807
244 0.29523 0.294328
245 0.293758 0.292856
246 0.292293 0.291392
247 0.290835 0.289935
248 0.289384 0.288486
249 0.287941 0.287043
250 0.286505 0.285608 0.27739
251 0.285076 0.28418
252 0.283654 0.282759
253 0.282239 0.281345
254 0.280832 0.279938
255 0.279431 0.278539
256 0.278037 0.277146
257 0.276651 0.27576
258 0.275271 0.274382
259 0.273898 0.27301
260 0.272532 0.271645 0.26352
261 0.271173 0.270286
262 0.26982 0.268935
263 0.268474 0.26759
264 0.267135 0.266252
265 0.265803 0.264921
266 0.264477 0.263596
267 0.263158 0.262278
268 0.261846 0.260967
269 0.26054 0.259662
270 0.25924 0.258364 0.250344
271 0.257947 0.257072
272 0.256661 0.255787
273 0.255381 0.254508
274 0.254107 0.253235
275 0.25284 0.251969
276 0.251579 0.250709
277 0.250324 0.249456
278 0.249075 0.248208
279 0.247833 0.246967
280 0.246597 0.245733 0.237827
281 0.245367 0.244504
282 0.244143 0.243281
283 0.242926 0.242065
284 0.241714 0.240855
285 0.240508 0.23965
286 0.239309 0.238452
287 0.238115 0.23726
288 0.236928 0.236074
289 0.235746 0.234893
290 0.23457 0.233719 0.225936
291 0.2334 0.23255
292 0.232236 0.231387
293 0.231078 0.23023
294 0.229925 0.229079
295 0.228779 0.227934
296 0.227638 0.226794
297 0.226502 0.22566
298 0.225373 0.224532
299 0.224249 0.223409
300 0.22313 0.222292 0.214639 0.125
301 0.222017 0.221181
302 0.22091 0.220075
303 0.219808 0.218974
304 0.218712 0.21788
305 0.217621 0.21679
306 0.216536 0.215706
307 0.215456 0.214628
308 0.214381 0.213555
309 0.213312 0.212487
310 0.212248 0.211424 0.203907
311 0.211189 0.210367
312 0.210136 0.209315
313 0.209088 0.208269
314 0.208045 0.207227
315 0.207008 0.206191
316 0.205975 0.20516
317 0.204948 0.204135
318 0.203926 0.203114
319 0.202909 0.202098
320 0.201897 0.201088 0.193711
321 0.20089 0.200082
322 0.199888 0.199082
323 0.198891 0.198087
324 0.197899 0.197096
325 0.196912 0.196111
326 0.19593 0.19513
327 0.194952 0.194154
328 0.19398 0.193184
329 0.193013 0.192218
330 0.19205 0.191257 0.184026
331 0.191092 0.1903
332 0.190139 0.189349
333 0.189191 0.188402
334 0.188247 0.18746
335 0.187308 0.186523
336 0.186374 0.18559
337 0.185444 0.184662
338 0.18452 0.183739
339 0.183599 0.18282
340 0.182684 0.181906 0.174825
341 0.181772 0.180997
342 0.180866 0.180092
343 0.179964 0.179191
344 0.179066 0.178295
345 0.178173 0.177404
346 0.177284 0.176517
347 0.1764 0.175634
348 0.17552 0.174756
349 0.174645 0.173882
350 0.173774 0.173013 0.166083
351 0.172907 0.172148
352 0.172045 0.171287
353 0.171187 0.170431
354 0.170333 0.169578
355 0.169483 0.168731
356 0.168638 0.167887
357 0.167797 0.167047
358 0.16696 0.166212
359 0.166127 0.165381
360 0.165299 0.164554 0.157779
361 0.164474 0.163731
362 0.163654 0.162913
363 0.162838 0.162098
364 0.162026 0.161288
365 0.161218 0.160481
366 0.160414 0.159679
367 0.159614 0.158881
368 0.158817 0.158086
369 0.158025 0.157296
370 0.157237 0.156509 0.14989
371 0.156453 0.155727
372 0.155673 0.154948
373 0.154896 0.154173
374 0.154124 0.153402
375 0.153355 0.152635
376 0.15259 0.151872
377 0.151829 0.151113
378 0.151072 0.150357
379 0.150318 0.149606
380 0.149569 0.148857 0.142396
381 0.148823 0.148113
382 0.14808 0.147373
383 0.147342 0.146636
384 0.146607 0.145903
385 0.145876 0.145173
386 0.145148 0.144447
387 0.144424 0.143725
388 0.143704 0.143006
389 0.142987 0.142291
390 0.142274 0.14158 0.135276
391 0.141564 0.140872
392 0.140858 0.140168
393 0.140156 0.139467
394 0.139457 0.138769
395 0.138761 0.138076
396 0.138069 0.137385
397 0.137381 0.136698
398 0.136695 0.136015
399 0.136014 0.135335
400 0.135335 0.134658 0.128512 0.0625
401 0.13466 0.133985
402 0.133989 0.133315
403 0.13332 0.132648
404 0.132655 0.131985
405 0.131994 0.131325
406 0.131336 0.130668
407 0.13068 0.130015
408 0.130029 0.129365
409 0.12938 0.128718
410 0.128735 0.128075 0.122087
411 0.128093 0.127434
412 0.127454 0.126797
413 0.126818 0.126163
414 0.126186 0.125532
415 0.125556 0.124905
416 0.12493 0.12428
417 0.124307 0.123659
418 0.123687 0.12304
419 0.12307 0.122425
420 0.122456 0.121813 0.115982
421 0.121846 0.121204
422 0.121238 0.120598
423 0.120633 0.119995
424 0.120032 0.119395
425 0.119433 0.118798
426 0.118837 0.118204
427 0.118245 0.117613
428 0.117655 0.117025
429 0.117068 0.11644
430 0.116484 0.115858 0.110183
431 0.115903 0.115278
432 0.115325 0.114702
433 0.11475 0.114128
434 0.114178 0.113558
435 0.113608 0.11299
436 0.113042 0.112425
437 0.112478 0.111863
438 0.111917 0.111304
439 0.111359 0.110747
440 0.110803 0.110193 0.104674
441 0.110251 0.109642
442 0.109701 0.109094
443 0.109154 0.108549
444 0.108609 0.108006
445 0.108067 0.107466
446 0.107528 0.106929
447 0.106992 0.106394
448 0.106459 0.105862
449 0.105928 0.105333
450 0.105399 0.104806 0.0994403
451 0.104874 0.104282
452 0.10435 0.103761
453 0.10383 0.103242
454 0.103312 0.102726
455 0.102797 0.102212
456 0.102284 0.101701
457 0.101774 0.101192
458 0.101266 0.100686
459 0.100761 0.100183
460 0.100259 0.0996821 0.0944682
461 0.0997588 0.0991837
462 0.0992613 0.0986878
463 0.0987662 0.0981943
464 0.0982736 0.0977034
465 0.0977834 0.0972148
466 0.0972957 0.0967288
467 0.0968105 0.0962451
468 0.0963276 0.0957639
469 0.0958472 0.0952851
470 0.0953692 0.0948086 0.0897448
471 0.0948935 0.0943346
472 0.0944202 0.0938629
473 0.0939493 0.0933936
474 0.0934807 0.0929266
475 0.0930145 0.092462
476 0.0925506 0.0919997
477 0.092089 0.0915397
478 0.0916297 0.091082
479 0.0911727 0.0906266
480 0.090718 0.0901735 0.0852576
481 0.0902655 0.0897226
482 0.0898153 0.089274
483 0.0893673 0.0888276
484 0.0889216 0.0883835
485 0.0884781 0.0879416
486 0.0880368 0.0875019
487 0.0875977 0.0870643
488 0.0871609 0.086629
489 0.0867261 0.0861959
490 0.0862936 0.0857649 0.0809947
491 0.0858632 0.0853361
492 0.085435 0.0849094
493 0.0850088 0.0844848
494 0.0845849 0.0840624
495 0.084163 0.0836421
496 0.0837432 0.0832239
497 0.0833256 0.0828078
498 0.08291 0.0823937
499 0.0824965 0.0819818
500 0.082085 0.0815719 0.076945 0.03125
501 0.0816756 0.081164
502 0.0812682 0.0807582
503 0.0808629 0.0803544
504 0.0804596 0.0799526
505 0.0800583 0.0795529
506 0.079659 0.0791551
507 0.0792617 0.0787593
508 0.0788664 0.0783655
509 0.0784731 0.0779737
510 0.0780817 0.0775838 0.0730977
511 0.0776922 0.0771959
512 0.0773047 0.0768099
513 0.0769192 0.0764259
514 0.0765355 0.0760437
515 0.0761538 0.0756635
516 0.075774 0.0752852
517 0.0753961 0.0749088
518 0.07502 0.0745342
519 0.0746459 0.0741616
520 0.0742736 0.0737908 0.0694428
521 0.0739031 0.0734218
522 0.0735345 0.0730547
523 0.0731678 0.0726894
524 0.0728029 0.072326
525 0.0724398 0.0719643
526 0.0720785 0.0716045
527 0.071719 0.0712465
528 0.0713613 0.0708903
529 0.0710054 0.0705358
530 0.0706512 0.0701831 0.0659707
531 0.0702988 0.0698322
532 0.0699482 0.0694831
533 0.0695994 0.0691356
534 0.0692522 0.06879
535 0.0689068 0.068446
536 0.0685632 0.0681038
537 0.0682212 0.0677633
538 0.0678809 0.0674245
539 0.0675424 0.0670873
540 0.0672055 0.0667519 0.0626722
541 0.0668703 0.0664181
542 0.0665368 0.066086
543 0.066205 0.0657556
544 0.0658748 0.0654268
545 0.0655462 0.0650997
546 0.0652193 0.0647742
547 0.064894 0.0644503
548 0.0645703 0.0641281
549 0.0642483 0.0638074
550 0.0639279 0.0634884 0.0595386
551 0.063609 0.063171
552 0.0632918 0.0628551
553 0.0629761 0.0625408
554 0.062662 0.0622281
555 0.0623495 0.061917
556 0.0620385 0.0616074
557 0.0617291 0.0612994
558 0.0614212 0.0609929
559 0.0611149 0.0606879
560 0.0608101 0.0603845 0.0565616
561 0.0605068 0.0600825
562 0.060205 0.0597821
563 0.0599047 0.0594832
564 0.0596059 0.0591858
565 0.0593087 0.0588899
566 0.0590129 0.0585954
567 0.0587185 0.0583024
568 0.0584257 0.0580109
569 0.0581343 0.0577209
570 0.0578443 0.0574323 0.0537335
571 0.0575558 0.0571451
572 0.0572688 0.0568594
573 0.0569831 0.0565751
574 0.0566989 0.0562922
575 0.0564161 0.0560108
576 0.0561348 0.0557307
577 0.0558548 0.055452
578 0.0555762 0.0551748
579 0.055299 0.0548989
580 0.0550232 0.0546244 0.0510469
581 0.0547488 0.0543513
582 0.0544757 0.0540795
583 0.054204 0.0538091
584 0.0539337 0.0535401
585 0.0536647 0.0532724
586 0.053397 0.053006
587 0.0531307 0.052741
588 0.0528657 0.0524773
589 0.0526021 0.0522149
590 0.0523397 0.0519538 0.0484945
591 0.0520787 0.0516941
592 0.0518189 0.0514356
593 0.0515605 0.0511784
594 0.0513033 0.0509225
595 0.0510474 0.0506679
596 0.0507928 0.0504146
597 0.0505395 0.0501625
598 0.0502874 0.0499117
599 0.0500366 0.0496621
600 0.0497871 0.0494138 0.0460698 0.015625
601 0.0495388 0.0491668
602 0.0492917 0.0489209
603 0.0490458 0.0486763
604 0.0488012 0.0484329
605 0.0485578 0.0481908
606 0.0483156 0.0479498
607 0.0480747 0.0477101
608 0.0478349 0.0474715
609 0.0475963 0.0472342
610 0.0473589 0.046998 0.0437663
611 0.0471227 0.046763
612 0.0468877 0.0465292
613 0.0466538 0.0462965
614 0.0464212 0.0460651
615 0.0461896 0.0458347
616 0.0459593 0.0456056
617 0.04573 0.0453775
618 0.045502 0.0451506
619 0.045275 0.0449249
620 0.0450492 0.0447003 0.041578
621 0.0448245 0.0444768
622 0.044601 0.0442544
623 0.0443785 0.0440331
624 0.0441572 0.0438129
625 0.0439369 0.0435939
626 0.0437178 0.0433759
627 0.0434998 0.043159
628 0.0432828 0.0429432
629 0.0430669 0.0427285
630 0.0428521 0.0425149 0.0394991
631 0.0426384 0.0423023
632 0.0424257 0.0420908
633 0.0422141 0.0418803
634 0.0420036 0.0416709
635 0.0417941 0.0414626
636 0.0415857 0.0412553
637 0.0413782 0.041049
638 0.0411719 0.0408437
639 0.0409665 0.0406395
640 0.0407622 0.0404363 0.0375241
641 0.0405589 0.0402341
642 0.0403566 0.040033
643 0.0401553 0.0398328
644 0.0399551 0.0396336
645 0.0397558 0.0394355
646 0.0395575 0.0392383
647 0.0393602 0.0390421
648 0.0391639 0.0388469
649 0.0389686 0.0386527
650 0.0387742 0.0384594 0.0356479
651 0.0385808 0.0382671
652 0.0383884 0.0380758
653 0.0381969 0.0378854
654 0.0380064 0.037696
655 0.0378169 0.0375075
656 0.0376283 0.0373199
657 0.0374406 0.0371333
658 0.0372538 0.0369477
659 0.037068 0.0367629
660 0.0368832 0.0365791 0.0338655
661 0.0366992 0.0363962
662 0.0365162 0.0362142
663 0.036334 0.0360332
664 0.0361528 0.035853
665 0.0359725 0.0356737
666 0.0357931 0.0354954
667 0.0356146 0.0353179
668 0.035437 0.0351413
669 0.0352602 0.0349656
670 0.0350844 0.0347908 0.0321723
671 0.0349094 0.0346168
672 0.0347353 0.0344437
673 0.034562 0.0342715
674 0.0343896 0.0341002
675 0.0342181 0.0339297
676 0.0340475 0.03376
677 0.0338776 0.0335912
678 0.0337087 0.0334233
679 0.0335406 0.0332561
680 0.0333733 0.0330899 0.0305636
681 0.0332068 0.0329244
682 0.0330412 0.0327598
683 0.0328764 0.032596
684 0.0327124 0.032433
685 0.0325493 0.0322708
686 0.0323869 0.0321095
687 0.0322254 0.0319489
688 0.0320647 0.0317892
689 0.0319048 0.0316303
690 0.0317456 0.0314721 0.0290355
691 0.0315873 0.0313147
692 0.0314298 0.0311582
693 0.031273 0.0310024
694 0.031117 0.0308474
695 0.0309618 0.0306931
696 0.0308074 0.0305397
697 0.0306538 0.030387
698 0.0305009 0.030235
699 0.0303487 0.0300839
700 0.0301974 0.0299334 0.0275837 0.0078125
701 0.0300468 0.0297838
702 0.0298969 0.0296348
703 0.0297478 0.0294867
704 0.0295994 0.0293392
705 0.0294518 0.0291925
706 0.0293049 0.0290466
707 0.0291588 0.0289013
708 0.0290133 0.0287568
709 0.0288686 0.0286131
710 0.0287246 0.02847 0.0262045
711 0.0285814 0.0283276
712 0.0284388 0.028186
713 0.028297 0.0280451
714 0.0281559 0.0279048
715 0.0280154 0.0277653
716 0.0278757 0.0276265
717 0.0277367 0.0274884
718 0.0275983 0.0273509
719 0.0274607 0.0272142
720 0.0273237 0.0270781 0.0248943
721 0.0271874 0.0269427
722 0.0270518 0.026808
723 0.0269169 0.026674
724 0.0267827 0.0265406
725 0.0266491 0.0264079
726 0.0265162 0.0262758
727 0.0263839 0.0261445
728 0.0262523 0.0260137
729 0.0261214 0.0258837
730 0.0259911 0.0257543 0.0236496
731 0.0258615 0.0256255
732 0.0257325 0.0254974
733 0.0256042 0.0253699
734 0.0254765 0.025243
735 0.0253494 0.0251168
736 0.025223 0.0249912
737 0.0250972 0.0248663
738 0.024972 0.0247419
739 0.0248475 0.0246182
740 0.0247235 0.0244951 0.0224671
741 0.0246002 0.0243727
742 0.0244775 0.0242508
743 0.0243554 0.0241295
744 0.024234 0.0240089
745 0.0241131 0.0238888
746 0.0239928 0.0237694
747 0.0238732 0.0236506
748 0.0237541 0.0235323
749 0.0236356 0.0234146
750 0.0235177 0.0232976 0.0213437
751 0.0234005 0.0231811
752 0.0232837 0.0230652
753 0.0231676 0.0229498
754 0.0230521 0.0228351
755 0.0229371 0.0227209
756 0.0228227 0.0226073
757 0.0227089 0.0224943
758 0.0225956 0.0223818
759 0.0224829 0.0222699
760 0.0223708 0.0221586 0.0202765
761 0.0222592 0.0220478
762 0.0221482 0.0219375
763 0.0220377 0.0218278
764 0.0219278 0.0217187
765 0.0218184 0.0216101
766 0.0217096 0.021502
767 0.0216013 0.0213945
768 0.0214936 0.0212876
769 0.0213864 0.0211811
770 0.0212797 0.0210752 0.0192627
771 0.0211736 0.0209698
772 0.021068 0.020865
773 0.0209629 0.0207607
774 0.0208584 0.0206569
775 0.0207543 0.0205536
776 0.0206508 0.0204508
777 0.0205478 0.0203486
778 0.0204453 0.0202468
779 0.0203434 0.0201456
780 0.0202419 0.0200449 0.0182996
781 0.020141 0.0199446
782 0.0200405 0.0198449
783 0.0199405 0.0197457
784 0.0198411 0.019647
785 0.0197421 0.0195487
786 0.0196437 0.019451
787 0.0195457 0.0193537
788 0.0194482 0.019257
789 0.0193512 0.0191607
790 0.0192547 0.0190649 0.0173846
791 0.0191587 0.0189695
792 0.0190631 0.0188747
793 0.018968 0.0187803
794 0.0188734 0.0186864
795 0.0187793 0.018593
796 0.0186856 0.0185
797 0.0185924 0.0184075
798 0.0184997 0.0183155
799 0.0184074 0.0182239
800 0.0183156 0.0181328 0.0165154 0.00390625
801 0.0182243 0.0180421
802 0.0181334 0.0179519
803 0.018043 0.0178622
804 0.017953 0.0177728
805 0.0178634 0.017684
806 0.0177743 0.0175956
807 0.0176857 0.0175076
808 0.0175975 0.01742
809 0.0175097 0.0173329
810 0.0174224 0.0172463 0.0156896
811 0.0173355 0.01716
812 0.017249 0.0170742
813 0.017163 0.0169889
814 0.0170774 0.0169039
815 0.0169922 0.0168194
816 0.0169075 0.0167353
817 0.0168231 0.0166516
818 0.0167392 0.0165684
819 0.0166557 0.0164855
820 0.0165727 0.0164031 0.0149051
821 0.01649 0.0163211
822 0.0164078 0.0162395
823 0.0163259 0.0161583
824 0.0162445 0.0160775
825 0.0161635 0.0159971
826 0.0160829 0.0159171
827 0.0160027 0.0158375
828 0.0159229 0.0157584
829 0.0158434 0.0156796
830 0.0157644 0.0156012 0.0141599
831 0.0156858 0.0155232
832 0.0156076 0.0154455
833 0.0155297 0.0153683
834 0.0154523 0.0152915
835 0.0153752 0.015215
836 0.0152985 0.0151389
837 0.0152222 0.0150632
838 0.0151463 0.0149879
839 0.0150707 0.014913
840 0.0149956 0.0148384 0.0134519
841 0.0149208 0.0147642
842 0.0148464 0.0146904
843 0.0147723 0.014617
844 0.0146986 0.0145439
845 0.0146253 0.0144712
846 0.0145524 0.0143988
847 0.0144798 0.0143268
848 0.0144076 0.0142552
849 0.0143357 0.0141839
850 0.0142642 0.014113 0.0127793
851 0.0141931 0.0140424
852 0.0141223 0.0139722
853 0.0140519 0.0139023
854 0.0139818 0.0138328
855 0.013912 0.0137637
856 0.0138427 0.0136948
857 0.0137736 0.0136264
858 0.0137049 0.0135582
859 0.0136366 0.0134904
860 0.0135686 0.013423 0.0121403
861 0.0135009 0.0133559
862 0.0134335 0.0132891
863 0.0133665 0.0132227
864 0.0132999 0.0131565
865 0.0132336 0.0130908
866 0.0131675 0.0130253
867 0.0131019 0.0129602
868 0.0130365 0.0128954
869 0.0129715 0.0128309
870 0.0129068 0.0127667 0.0115333
871 0.0128424 0.0127029
872 0.0127784 0.0126394
873 0.0127147 0.0125762
874 0.0126512 0.0125133
875 0.0125881 0.0124508
876 0.0125254 0.0123885
877 0.0124629 0.0123266
878 0.0124007 0.0122649
879 0.0123389 0.0122036
880 0.0122773 0.0121426 0.0109566
881 0.0122161 0.0120819
882 0.0121552 0.0120215
883 0.0120946 0.0119614
884 0.0120342 0.0119015
885 0.0119742 0.011842
886 0.0119145 0.0117828
887 0.0118551 0.0117239
888 0.0117959 0.0116653
889 0.0117371 0.011607
890 0.0116786 0.0115489 0.0104088
891 0.0116203 0.0114912
892 0.0115624 0.0114337
893 0.0115047 0.0113766
894 0.0114473 0.0113197
895 0.0113902 0.0112631
896 0.0113334 0.0112068
897 0.0112769 0.0111507
898 0.0112206 0.011095
899 0.0111647 0.0110395
900 0.011109 0.0109843 0.00988836 0.00195312
901 0.0110536 0.0109294
902 0.0109985 0.0108747
903 0.0109436 0.0108204
904 0.010889 0.0107663
905 0.0108347 0.0107124
906 0.0107807 0.0106589
907 0.0107269 0.0106056
908 0.0106734 0.0105525
909 0.0106202 0.0104998
910 0.0105672 0.0104473 0.00939395
911 0.0105145 0.010395
912 0.0104621 0.0103431
913 0.0104099 0.0102914
914 0.010358 0.0102399
915 0.0103063 0.0101887
916 0.0102549 0.0101378
917 0.0102037 0.0100871
918 0.0101529 0.0100366
919 0.0101022 0.00998645
920 0.0100518 0.00993652 0.00892425
921 0.0100017 0.00988684
922 0.00995182 0.0098374
923 0.00990218 0.00978822
924 0.0098528 0.00973927
925 0.00980366 0.00969058
926 0.00975476 0.00964213
927 0.00970611 0.00959391
928 0.0096577 0.00954595
929 0.00960953 0.00949822
930 0.0095616 0.00945072 0.00847804
931 0.00951391 0.00940347
932 0.00946646 0.00935645
933 0.00941925 0.00930967
934 0.00937227 0.00926312
935 0.00932553 0.00921681
936 0.00927901 0.00917072
937 0.00923273 0.00912487
938 0.00918669 0.00907925
939 0.00914087 0.00903385
940 0.00909528 0.00898868 0.00805413
941 0.00904991 0.00894374
942 0.00900478 0.00889902
943 0.00895987 0.00885452
944 0.00891518 0.00881025
945 0.00887071 0.0087662
946 0.00882647 0.00872237
947 0.00878245 0.00867876
948 0.00873865 0.00863536
949 0.00869506 0.00859219
950 0.0086517 0.00854922 0.00765143
951 0.00860854 0.00850648
952 0.00856561 0.00846395
953 0.00852289 0.00842163
954 0.00848038 0.00837952
955 0.00843808 0.00833762
956 0.008396 0.00829593
957 0.00835412 0.00825445
958 0.00831246 0.00821318
959 0.008271 0.00817211
960 0.00822975 0.00813125 0.00726886
961 0.0081887 0.0080906
962 0.00814786 0.00805014
963 0.00810722 0.00800989
964 0.00806679 0.00796984
965 0.00802655 0.00793
966 0.00798652 0.00789035
967 0.00794669 0.00785089
968 0.00790705 0.00781164
969 0.00786762 0.00777258
970 0.00782838 0.00773372 0.00690541
971 0.00778933 0.00769505
972 0.00775048 0.00765657
973 0.00771183 0.00761829
974 0.00767337 0.0075802
975 0.00763509 0.0075423
976 0.00759701 0.00750459
977 0.00755912 0.00746706
978 0.00752142 0.00742973
979 0.00748391 0.00739258
980 0.00744658 0.00735562 0.00656014
981 0.00740944 0.00731884
982 0.00737249 0.00728225
983 0.00733572 0.00724583
984 0.00729913 0.0072096
985 0.00726273 0.00717356
986 0.0072265 0.00713769
987 0.00719046 0.007102
988 0.0071546 0.00706649
989 0.00711891 0.00703116
990 0.00708341 0.006996 0.00623214
991 0.00704808 0.00696102
992 0.00701293 0.00692622
993 0.00697795 0.00689159
994 0.00694315 0.00685713
995 0.00690852 0.00682284
996 0.00687406 0.00678873
997 0.00683978 0.00675478
998 0.00680566 0.00672101
999 0.00677172 0.00668741
