0 1 0.999861 0.964427 0.761825 0.435962
1 1201.64 93.2167 26.0665 2.22163 10.4709
2 3.51524e+06 7462.13 238.877 4.62668 22.7787
3 2.83959e+08 54902.6 787.325 6.72187 33.5507
4 4.35363e+09 215048 1745.46 8.28776 41.7461
5 3.32419e+10 565462 2534.92 9.50083 48.2362
6 1.77817e+11 1.40931e+06 3633.21 11.1155 56.7521
7 6.66978e+11 2.5184e+06 4843.01 12.5011 64.083
8 1.77105e+12 4.08888e+06 6150.01 13.6942 70.4621
9 4.86845e+12 6.74605e+06 7861.45 15.4777 69.7427
10 9.28385e+12 9.64028e+06 9220.92 16.8399 67.0674
11 2.17536e+13 1.3972e+07 11856.2 19.0211 68.3795
12 4.64097e+13 2.04157e+07 15373 21.5411 70.8354
13 1.19306e+14 3.37569e+07 18887.1 24.8847 75.9859
14 2.10744e+14 4.72656e+07 21485.6 27.563 78.3361
15 2.99861e+14 5.44378e+07 23058.4 29.5682 78.3625
16 5.02515e+14 7.03693e+07 26183.6 32.5271 81.2028
17 7.73635e+14 8.82343e+07 29629.2 33.9335 82.9933
18 5.27597e+14 7.30714e+07 26169 30.0969 78.0079
19 4.47584e+14 6.55222e+07 25103.1 28.2083 75.4417
20 5.9916e+14 7.57363e+07 27944.4 29.2358 76.8521
21 3.70052e+14 5.81317e+07 23867.8 26.3894 72.8842
22 4.3598e+14 6.49433e+07 24619.1 26.9181 73.6401
23 4.66835e+14 6.56596e+07 24753.4 27.0156 73.7771
24 2.38954e+14 4.70474e+07 20983.1 24.266 69.7862
25 1.09317e+14 3.10216e+07 16613.2 21.6159 65.6896
26 1.33551e+14 3.45317e+07 17642 22.2587 66.7108
27 1.67437e+14 3.86412e+07 18799.9 22.9713 67.8193
28 1.38082e+14 3.50819e+07 17800.3 22.3624 66.8704
29 1.58156e+14 3.77042e+07 18446.1 22.7637 67.4972
30 2.56886e+14 4.89123e+07 20979.4 24.2817 69.815
31 2.23052e+14 4.55974e+07 20253 23.862 69.1786
32 4.66217e+13 2.08112e+07 13658.4 19.5887 62.3785
33 5.71056e+12 6.8924e+06 7440.89 13.7394 49.4177
34 4.60106e+12 6.13468e+06 6979.75 13.2241 48.2103
35 2.73957e+12 4.75486e+06 6026.32 12.1413 45.5794
36 1.30958e+13 1.04859e+07 9502.12 15.823 54.2467
37 2.71764e+12 4.57305e+06 6340.43 12.2796 45.9088
38 3.78095e+12 5.46396e+06 6914.65 12.9587 47.5755
39 3.62988e+12 5.35436e+06 6844.07 12.8776 47.3764
40 2.57391e+12 4.50024e+06 6267.57 12.1841 45.6833
41 1.53171e+12 3.42649e+06 5404.9 11.3751 43.3308
42 2.65332e+12 4.59962e+06 6342.38 12.2474 45.873
43 6.32299e+11 2.2575e+06 4245.6 10.1767 39.7469
44 1.57711e+11 1.11959e+06 2855.94 8.47765 34.4632
45 1.11151e+12 3.10157e+06 4675.56 10.8511 41.8021
46 5.12646e+12 6.97852e+06 6928.84 13.234 48.6805
47 6.39228e+12 7.78681e+06 7317.8 13.611 49.7215
48 7.17048e+12 8.25012e+06 7531.65 13.8111 50.2758
49 7.66702e+12 8.54353e+06 7673.62 13.959 50.5317
50 1.77187e+12 3.94896e+06 5080.87 11.0551 45.2048
51 5.94687e+11 2.29463e+06 3776.8 9.34399 41.7276
52 1.86109e+11 1.28038e+06 2745.29 7.80269 38.2986
53 8.20789e+10 838007 2234.28 6.89858 36.124
54 1.93576e+11 1.3145e+06 2780.61 7.85487 38.4302
55 5.66685e+10 714323 2052.73 6.56035 35.2686
56 5.51282e+09 220810 1144.71 4.63303 29.896
57 2.59536e+09 149552 933.729 4.20347 28.3767
58 1.15821e+09 97773.4 747.789 3.78686 26.8141
59 5.44623e+07 21541.3 329.232 2.5886 21.7571
60 1.56056e+08 36703.9 439.62 2.94952 23.4117
61 2.93761e+09 167664 910.609 4.25887 28.6022
62 1.57658e+09 120680 777.609 3.94103 27.3991
63 7.70915e+09 264474 1151.42 4.80202 30.5052
64 1.0641e+10 311090 1248.83 5.00833 31.1945
65 2.69332e+10 502679 1607.05 5.75516 33.9793
66 5.36683e+10 720570 1941.89 6.39152 36.233
67 1.56686e+10 390323 1397.9 5.3362 32.4173
68 1.1066e+10 327887 1273.12 5.06542 31.4026
69 2.74639e+09 160199 897.675 4.14611 27.7453
70 1.41809e+10 374771 1358.94 5.25389 32.1312
71 9.22016e+10 953068 2155.12 6.85395 37.821
72 2.57775e+10 503674 1572.6 5.72551 33.8458
73 8.94541e+09 292655 1186.79 4.99276 30.9238
74 1.34435e+09 109783 714.077 3.90665 26.2649
75 7.15224e+08 80280.1 605.319 3.60412 24.8988
76 4.71694e+08 65208.7 542.385 3.41827 24.0316
77 1.28623e+09 108820 695.564 3.86892 26.12
78 4.64904e+11 2.24834e+06 3039.54 8.1256 42.6147
79 2.33516e+13 1.58129e+07 7922.58 13.2149 58.3522
80 2.77462e+11 1.74012e+06 2680.5 7.66053 40.9205
81 2.67576e+11 1.70821e+06 2655.06 7.60385 40.7967
82 4.07845e+09 201042 883.066 4.17783 30.1643
83 3.3087e+10 566667 1512.88 5.58175 34.9517
84 5.34677e+10 719254 1712.47 5.97865 36.1669
85 3.29872e+10 562693 1518.63 5.59634 34.9799
86 3.47185e+11 1.87037e+06 2734.32 7.74948 41.195
87 2.91763e+11 1.71581e+06 2620.67 7.57687 40.7194
88 2.11502e+11 1.46254e+06 2422.55 7.25374 39.839
89 5.68177e+09 233177 942.478 4.54658 31.3379
90 5.38318e+09 226864 929.271 4.50501 31.2156
91 5.75013e+10 734937 1703.98 6.08107 36.4207
92 1.53524e+11 1.19804e+06 2192.74 6.89973 38.8391
93 2.56911e+10 482794 1399.97 5.52593 34.6528
94 3.70006e+09 179494 859.191 4.33853 30.5992
95 1.99058e+09 132052 737.262 4.01923 29.4249
96 4.30532e+09 193921 892.95 4.41561 30.895
97 1.16009e+10 320818 1158.72 5.06929 33.4602
98 1.10347e+10 312727 1143.51 5.03694 33.3281
99 3.91093e+10 585420 1587.08 5.9919 36.8437
100 2.77757e+11 1.55371e+06 2643.4 7.86375 43.0735
101 2.709e+10 476098 1472.13 5.74353 35.9289
102 3.43279e+10 537170 1562.71 5.9244 36.5943
103 4.3198e+10 602156 1654.1 6.10924 37.2461
104 7.25031e+10 779243 1880.56 6.54685 38.7592
105 7.67679e+11 2.58129e+06 3491.34 8.84861 46.3053
106 7.32526e+12 8.11131e+06 6308.21 11.8244 54.894
107 1.70191e+13 1.23448e+07 7833.52 13.156 58.4259
108 1.00071e+12 3.01729e+06 3788.67 9.22665 47.4238
109 1.43434e+12 3.62129e+06 4147.72 9.63411 48.6639
110 1.96601e+13 1.36461e+07 8012.58 13.2941 58.7906
111 2.44574e+13 1.52133e+07 8455.7 13.6581 59.7147
112 8.41048e+13 2.81053e+07 11459 15.8539 65.1586
113 1.10634e+14 3.22974e+07 12309.6 16.4692 66.4027
114 1.39659e+13 1.13514e+07 7184.22 12.4016 57.6338
115 3.0651e+12 5.33227e+06 4879.43 10.1149 52.0544
116 3.9005e+13 1.88758e+07 9321.52 14.2137 61.7093
117 2.61099e+11 1.49498e+06 2631.57 7.38668 44.4456
118 2.53253e+12 4.71322e+06 4665.75 9.91362 51.5487
119 8.22046e+11 2.688e+06 3531.41 8.58858 47.9603
120 2.79132e+10 499750 1533.33 5.59008 38.633
121 2.18249e+08 43071.2 437.729 3.06282 28.4998
122 6.46995e+07 23319.9 319.897 2.632 26.4066
123 1.55808e+09 113747 718.272 3.86352 32.1207
124 7.29501e+11 2.43144e+06 3433.65 8.2542 46.9813
125 1.83775e+12 3.88195e+06 4338.45 9.25812 49.7183
126 1.35784e+12 3.33157e+06 4019.2 8.92529 48.8146
127 6.56724e+14 7.28857e+07 18674 18.8258 70.7066
128 7.14121e+11 2.4462e+06 3446.45 8.30523 47.0595
129 9.62255e+10 888700 2049.78 6.35696 40.5937
130 1.26484e+10 319214 1212.13 4.86771 34.977
131 1.3556e+10 330413 1233.74 4.90706 35.1481
132 1.50993e+11 1.09629e+06 2281.53 6.70485 41.8372
133 3.54853e+11 1.68803e+06 2830.35 7.48742 44.4709
134 1.54758e+12 3.55071e+06 4103.17 9.0502 49.3975
135 1.24974e+10 322176 1240.59 4.94006 35.2405
136 5.84861e+09 220780 1027.61 4.48438 33.4083
137 8.21829e+10 837982 2034.26 6.2157 40.0895
138 4.46834e+10 616267 1738.08 5.76952 38.445
139 1.04067e+10 298338 1199.47 4.83138 34.8196
140 6.3326e+08 74143 588.769 3.44669 28.801
141 1.04783e+09 95557.5 667.998 3.65265 29.781
142 1.18975e+09 101874 689.619 3.70949 30.0363
143 2.88025e+09 158126 858.316 4.11533 31.8417
144 6.86236e+07 24635.4 340.28 2.66659 24.8896
145 5.70607e+10 728674 1913.82 6.2772 38.4821
146 1.11733e+13 1.04057e+07 7432.74 12.5236 54.2917
147 4.31316e+13 2.03914e+07 10468.6 14.9332 59.2376
148 2.1802e+11 1.47276e+06 2748.1 7.56822 42.2041
149 2.48066e+11 1.5717e+06 2838.24 7.67996 42.5372
150 1.31383e+11 1.14173e+06 2421.82 7.0905 40.8674
151 4.11655e+09 203840 1032.26 4.62728 32.9596
152 1.55941e+11 1.24118e+06 2524.04 7.23203 41.2885
153 1.40324e+10 369145 1363.56 5.39261 35.6323
154 4.34621e+09 204755 1010.96 4.67343 33.1659
155 1.09581e+08 32792.5 399.924 3.02069 26.5732
156 4.77591e+07 21695.2 324.474 2.73513 25.2743
157 3.18095e+06 5552.97 165.218 2.00694 21.5251
158 1.75705e+07 13141.4 253.113 2.43407 23.8187
159 3.70216e+07 19028.7 304.257 2.65313 24.8884
160 110459 1049.13 72.1246 1.38859 17.6818
161 423104 2063.17 101.577 1.61554 19.3591
162 798.884 87.0141 20.5191 0.796545 12.6593
163 178.176 41.2441 14.0713 0.67368 11.446
164 0.184787 1.64028 2.93443 0.373305 7.51851
165 0.5088 2.37984 3.44697 0.387734 7.8574
166 7.9238 8.86711 6.36389 0.488274 9.28879
167 808.978 88.882 19.5522 0.77686 12.579
168 28966.3 529.28 47.1574 1.15485 15.9493
169 12114.4 341.254 37.8063 1.05629 15.0672
170 127.893 34.2933 11.9534 0.662463 11.182
171 68.6696 25.1526 10.2343 0.618672 10.7361
172 91699.4 911.936 62.5214 1.30323 17.1562
173 48179 659.562 53.29 1.22546 16.4659
174 2.9363e+07 16765.5 263.883 2.51122 24.9957
175 3.42297e+08 56934.5 484.323 3.34302 29.3106
176 2.30531e+08 46753.4 439.173 3.19821 28.574
177 7.16545e+08 82775 586.772 3.683 30.6921
178 1.69167e+06 3922.1 125.059 1.76169 20.9745
179 5299.49 222.81 29.1971 0.913685 14.6701
180 5.21381e+08 68346.6 534.941 3.50515 29.9842
181 2.2572e+10 455563 1371.87 5.61277 37.9003
182 4.12584e+11 1.96661e+06 2836.41 8.08504 45.412
183 5.19477e+13 2.19045e+07 9378.13 14.8132 61.1916
184 1.65051e+16 3.86341e+08 38976.3 30.6542 87.3897
185 7.67449e+17 2.67973e+09 104396 49.8206 110.574
186 1.84435e+17 1.30716e+09 72457 41.6241 101.349
187 3.46699e+15 1.80097e+08 26527.8 25.3939 79.7547
188 1.41648e+14 3.66415e+07 11837.3 17.0946 65.8144
189 1.87339e+16 4.2906e+08 40175.3 31.0688 87.9586
190 1.29011e+14 3.51409e+07 11594.1 16.9278 65.4966
191 4.43674e+12 6.55541e+06 5049.31 11.2931 53.7871
192 7.65574e+12 8.60008e+06 5775.52 12.0465 55.5173
193 6.23013e+13 2.4693e+07 9846.06 15.7883 64.0178
194 1.14947e+10 328748 1109.09 5.27625 35.7881
195 5.83017e+10 737458 1667.78 6.44349 39.8682
196 1.09467e+12 3.17161e+06 3484.58 9.32896 48.5129
197 4.8232e+11 2.10067e+06 2840.11 8.42595 45.955
198 1.55459e+12 3.78186e+06 3802.68 9.75257 49.6571
199 1.38832e+11 1.136e+06 2095.03 7.23965 42.3928
200 8.97583e+09 290682 1066.25 5.17552 35.4441
201 3.58215e+07 18119.1 262.718 2.68094 24.8265
202 2.78082e+08 50781.3 441.888 3.40314 28.319
203 1.08305e+07 10107 195.46 2.3367 23.0294
204 2.28079e+08 46053.2 420.588 3.3245 27.965
205 3.88959e+09 191447 851.248 4.64667 33.4795
206 1.26861e+13 1.11599e+07 6373.87 12.2964 56.0601
207 3.15933e+14 5.53728e+07 14081.9 18.1407 68.7383
208 7.07205e+10 844785 1778.13 6.64234 40.4424
209 9.06945e+07 29804.1 329.969 2.90086 26.6433
210 3.00687e+07 17115.2 249.597 2.52812 24.8583
211 7.70691e+06 8696.43 177.475 2.1497 22.8508
212 59796.4 773.791 52.5681 1.23192 16.9313
213 7.40154e+06 8693.57 173.024 2.12117 22.7295
214 4.59413e+07 21777.8 272.184 2.64208 25.439
215 1.21996e+11 1.09709e+06 1897.47 6.88706 41.2288
216 8.57861e+09 292660 985.745 4.9795 35.0394
217 380447 1907.88 78.0612 1.54831 19.1011
218 3.75927e+09 194719 802.594 4.49556 33.3343
219 1.99285e+11 1.40506e+06 2178.59 7.28475 42.3855
220 1.03855e+08 32576.4 325.363 2.95714 26.8703
221 7.26854e+08 86544.4 527.358 3.69602 30.1653
222 2.38989e+06 4879.88 127.391 1.91763 21.4476
223 4.85709e+06 6940.58 151.685 2.06643 22.3563
224 354520 1886.25 79.5466 1.5487 19.1516
225 1.04811e+07 10317.2 187.131 2.30054 23.9639
226 6.33898e+08 81223 529.527 3.80602 31.5043
227 1.90837e+12 4.34773e+06 3974.86 10.4 53.6275
228 1.92064e+14 4.31574e+07 12715.1 18.77 72.975
229 4.90572e+18 7.07875e+09 159513 68.6595 143.148
230 6.28633e+19 2.54922e+10 301229 95.2529 169.654
231 2.23924e+20 4.79906e+10 412100 111.936 184.476
232 6.26302e+18 8.10245e+09 170741 71.1392 145.806
233 3.21941e+19 1.84417e+10 258710 87.3844 162.19
234 3.8715e+23 2.064e+12 2.80791e+06 285.234 299.318
235 1.7764e+22 4.44497e+11 1.29525e+06 194.281 245.32
236 9.69295e+22 1.03353e+12 1.98155e+06 239.92 273.658
237 5.03229e+22 7.43398e+11 1.68283e+06 221.332 262.46
238 1.20087e+26 3.68473e+13 1.16655e+07 576.082 430.989
239 1.64394e+27 1.35889e+14 2.22222e+07 792.337 508.543
240 1.07189e+26 3.49547e+13 1.13657e+07 568.75 428.155
241 6.72538e+25 2.76516e+13 1.00978e+07 535.093 415.558
242 7.02475e+24 8.90968e+12 5.70186e+06 398.538 359.766
243 9.3774e+22 1.03593e+12 1.93663e+06 228.441 274.021
244 4.75632e+23 2.32241e+12 2.90376e+06 281.449 303.461
245 9.79759e+21 3.30319e+11 1.10354e+06 171.789 238.364
246 1.03902e+24 3.41843e+12 3.51769e+06 310.402 318.348
247 4.9963e+25 2.36038e+13 9.12609e+06 505.162 404.01
248 5.44972e+25 2.46461e+13 9.32278e+06 510.709 406.182
249 3.16946e+24 5.89938e+12 4.53646e+06 356.202 341.771
250 9.85359e+22 1.03478e+12 1.88779e+06 229.76 277.05
251 2.02055e+23 1.48005e+12 2.25916e+06 251.336 289.207
252 3.37156e+25 1.88791e+13 8.10872e+06 476.266 392.804
253 1.21713e+27 1.14524e+14 1.98444e+07 742.342 485.993
254 1.76857e+25 1.37247e+13 6.92167e+06 440.352 378.334
255 3.32427e+26 5.9236e+13 1.42614e+07 630.155 449.254
256 5.58091e+23 2.46485e+12 2.96268e+06 289.185 309.309
257 2.28813e+25 1.592e+13 7.58105e+06 468.634 396.47
258 4.81841e+28 7.38111e+14 5.2387e+07 1266.06 661.35
259 2.28816e+29 1.6059e+15 7.73462e+07 1546.98 733.31
260 7.80873e+28 9.40716e+14 5.91587e+07 1347.77 683.031
261 2.22395e+30 5.06382e+15 1.36435e+08 2061.87 850.368
262 8.47713e+30 9.89875e+15 1.9031e+08 2442.45 927.994
263 4.13243e+28 6.9464e+14 5.13609e+07 1254.29 658.21
264 6.46638e+29 2.72948e+15 1.00829e+08 1767.76 785.51
265 4.29831e+33 2.27877e+17 9.34499e+08 5374.87 1377.65
266 3.56349e+33 2.07452e+17 8.91354e+08 5249.49 1361.32
267 8.23068e+35 3.13756e+18 3.4659e+09 10344.2 1919.39
268 1.16315e+34 3.77634e+17 1.20247e+09 6096.24 1468.37
269 2.42383e+37 1.75566e+19 8.08908e+09 15590.6 2363.43
270 1.70821e+35 1.47163e+18 2.36224e+09 8500.97 1737.7
271 1.45284e+34 4.30818e+17 1.28949e+09 6309.58 1494.16
272 1.87362e+35 1.53376e+18 2.41087e+09 8586.71 1746.53
273 1.23613e+34 3.91924e+17 1.21322e+09 6037.72 1468.71
274 6.975e+35 2.94494e+18 3.34801e+09 10161.8 1897.43
275 2.09201e+33 1.62402e+17 7.88063e+08 4839.28 1317.27
276 2.65098e+34 5.73898e+17 1.47971e+09 6684.96 1544.14
277 4.39732e+35 2.35196e+18 2.98038e+09 9524.08 1837.88
278 1.02475e+36 3.5915e+18 3.67742e+09 10591.9 1936.55
279 6.21711e+37 2.78606e+19 1.00936e+10 17651.9 2489.95
280 5.42742e+40 8.06877e+20 5.30865e+10 40904 3765.98
281 2.91294e+41 1.87747e+21 8.12664e+10 50658.3 4169.17
282 1.55376e+39 1.37045e+20 2.17172e+10 26107.4 3042.71
283 9.16191e+39 3.32283e+20 3.38096e+10 32609 3381.51
284 8.71628e+39 3.24151e+20 3.33935e+10 32406.8 3371.55
285 2.93922e+37 1.85978e+19 8.042e+09 16053 2416
286 3.71539e+34 6.61342e+17 1.52636e+09 7074.72 1639.59
287 1.20485e+36 3.74928e+18 3.60014e+09 10799.8 2002.54
288 2.85326e+38 5.67423e+19 1.38059e+10 20957.4 2741.43
289 2.38481e+35 1.61806e+18 2.29353e+09 8353.69 1713.63
290 2.72493e+34 5.46961e+17 1.32689e+09 6311.04 1485.13
291 3.54083e+36 6.20325e+18 4.47982e+09 11772.3 2041.64
292 5.72478e+34 7.98067e+17 1.60338e+09 6953.74 1560.48
293 2.41655e+36 5.21786e+18 4.09151e+09 11163.4 1987.01
294 3.25144e+37 1.91467e+19 7.82663e+09 15494.8 2349.33
295 7.67907e+41 2.90761e+21 9.44145e+10 54605.3 4474.85
296 2.54563e+40 5.35037e+20 4.07865e+10 35709 3600.52
297 5.72341e+38 7.97177e+19 1.55827e+10 22012.5 2833.79
298 2.72067e+38 5.49702e+19 1.29139e+10 20028.3 2704.46
299 7.31161e+39 2.83758e+20 2.94298e+10 30305.4 3319.48
300 2.73974e+41 1.71765e+21 7.26616e+10 47737.2 4157.71
301 3.6943e+39 1.97967e+20 2.46629e+10 27965.4 3190.06
302 3.60406e+42 6.1816e+21 1.37855e+11 65544.5 4865.96
303 3.22731e+41 1.85326e+21 7.58467e+10 48761.9 4201.77
304 1.54856e+43 1.27015e+22 1.97042e+11 78225.6 5312.7
305 1.71871e+41 1.32563e+21 6.2863e+10 43505.4 3981.53
306 2.61839e+42 5.17684e+21 1.2517e+11 61965.7 4737.59
307 2.51301e+41 1.60602e+21 6.95891e+10 45836.9 4085.01
308 5.71381e+40 7.6869e+20 4.809e+10 37913.5 3721.21
309 9.64626e+38 9.90905e+19 1.72784e+10 22583.4 2884.92
310 2.40948e+38 4.95157e+19 1.22169e+10 18950.2 2646.77
311 1.02927e+39 1.02229e+20 1.75061e+10 22733.5 2894.3
312 2.59304e+40 5.08913e+20 3.88268e+10 34021.6 3528.3
313 1.05919e+46 3.33342e+23 1.02617e+12 176104 7758.49
314 4.6577e+46 6.98727e+23 1.49118e+12 212446 8490.03
315 9.82034e+44 1.01669e+23 5.68409e+11 130910 6729.16
316 6.25661e+44 8.12509e+22 5.08105e+11 123743 6549.78
317 2.35161e+43 1.5659e+22 2.23253e+11 82453.6 5391.07
318 4.75568e+40 7.05554e+20 4.74671e+10 38409.3 3739.19
319 1.81299e+42 4.34222e+21 1.16861e+11 59906.2 4625.85
320 1.84885e+45 1.3605e+23 6.45022e+11 139214 6930.67
321 2.57792e+43 1.59441e+22 2.18536e+11 80080 5219.37
322 2.9547e+44 5.39417e+22 4.04337e+11 109660 6132.29
323 2.15823e+44 4.61083e+22 3.7379e+11 105346 6007.37
324 2.07792e+47 1.40665e+24 2.0697e+12 252580 9408.54
325 6.87229e+45 2.54017e+23 8.78599e+11 164289 7545.29
326 5.20899e+48 6.98984e+24 4.61797e+12 377954 11571.1
327 5.9441e+48 7.46687e+24 4.77166e+12 384221 11669.2
328 9.75076e+46 9.65364e+23 1.73022e+12 230853 8984.17
329 6.70481e+43 2.49443e+22 2.73685e+11 91602.9 5680.77
330 3.21022e+42 5.46026e+21 1.27199e+11 62389.3 4697.13
331 3.77753e+44 5.91859e+22 4.19157e+11 113424 6315.07
332 9.93866e+44 9.57916e+22 5.33368e+11 127985 6704.71
333 1.02983e+46 3.09698e+23 9.5966e+11 170969 7740.12
334 1.66316e+47 1.24373e+24 1.92459e+12 240962 9177.37
335 7.67659e+49 2.67026e+25 8.81627e+12 510511 13328.5
336 1.41318e+54 3.54215e+27 9.97844e+13 1.69128e+06 24207.9
337 1.46861e+53 1.13584e+27 5.61496e+13 1.2604e+06 20905
338 2.42106e+53 1.45835e+27 6.37119e+13 1.34454e+06 21589.9
339 1.4212e+54 3.53449e+27 9.92602e+13 1.68673e+06 24175.4
340 1.47187e+55 1.13161e+28 1.77792e+14 2.27246e+06 28051.2
341 9.19788e+53 2.81066e+27 8.84298e+13 1.60084e+06 23553.3
342 9.08057e+56 8.82947e+28 4.98038e+14 3.81056e+06 36302.4
343 1.88682e+54 4.0121e+27 1.07409e+14 1.76482e+06 24727.5
344 4.68021e+54 6.30825e+27 1.34449e+14 1.97522e+06 26156.6
345 2.96052e+56 5.06953e+28 3.84962e+14 3.35e+06 33733
346 1.26625e+55 1.04825e+28 1.73736e+14 2.24661e+06 27828.8
347 6.91326e+53 2.44719e+27 8.39318e+13 1.559e+06 23341.5
348 9.93452e+53 2.93153e+27 9.18639e+13 1.63133e+06 23856.4
349 3.2643e+57 1.71152e+29 7.03063e+14 4.45507e+06 38700.3
350 8.06164e+54 8.51229e+27 1.56607e+14 2.12264e+06 27078.8
351 7.40685e+52 8.16112e+26 4.89482e+13 1.19574e+06 20545.5
352 1.00924e+58 2.94102e+29 9.08025e+14 5.05501e+06 41130.2
353 7.08649e+56 7.74447e+28 4.63001e+14 3.58423e+06 34467.9
354 3.42268e+57 1.70238e+29 6.89041e+14 4.39075e+06 38257.4
355 5.67216e+56 6.92593e+28 4.39397e+14 3.48976e+06 33998
356 2.11893e+57 1.33542e+29 6.10235e+14 4.12678e+06 37057.5
357 7.66561e+54 7.92619e+27 1.48432e+14 2.03081e+06 25741.4
358 1.11164e+56 3.02038e+28 2.89974e+14 2.84129e+06 30589.5
359 4.24043e+56 5.90288e+28 4.0437e+14 3.35702e+06 33327.2
360 2.32707e+52 4.45028e+26 3.57692e+13 995153 17844
361 1.89201e+49 1.25121e+25 5.92104e+12 404377 11392.3
362 2.24016e+44 4.29907e+22 3.40221e+11 96746.1 5594.13
363 2.201e+45 1.34697e+23 6.02441e+11 128787 6448.31
364 5.50592e+49 2.09351e+25 7.52841e+12 456049 12095.2
365 3.78421e+47 1.71922e+24 2.15563e+12 245970 8895.3
366 1.61987e+50 3.56382e+25 9.82421e+12 520105 12913.5
367 3.47432e+49 1.65018e+25 6.70087e+12 430568 11753.9
368 8.67502e+47 2.622e+24 2.68635e+12 274197 9389.31
369 2.28355e+45 1.32992e+23 5.98473e+11 128102 6440.91
370 8.95388e+43 2.62877e+22 2.64528e+11 84702.3 5247.93
371 2.18389e+44 4.10497e+22 3.30708e+11 94847.9 5550.25
372 1.00466e+44 2.78722e+22 2.724e+11 85970.1 5286.66
373 1.35134e+45 1.02707e+23 5.22648e+11 119208 6215.4
374 1.67982e+42 3.60901e+21 9.80963e+10 51514.4 4102.76
375 6.94438e+41 2.32107e+21 7.87639e+10 46146.6 3885.25
376 4.50013e+43 1.85673e+22 2.21515e+11 77501.1 5022.06
377 3.85157e+45 1.73031e+23 6.81557e+11 135743 6593.66
378 5.92264e+47 2.14879e+24 2.42343e+12 255559 8967.93
379 2.09067e+48 4.03659e+24 3.32302e+12 299142 9681.63
380 1.0759e+51 9.07199e+25 1.5792e+13 650941 14132.7
381 1.09363e+52 2.90517e+26 2.82639e+13 867250 16251
382 9.35131e+52 8.50137e+26 4.83555e+13 1.1301e+06 18486.7
383 4.28091e+55 1.81966e+28 2.21661e+14 2.39445e+06 26650.8
384 4.40287e+53 1.85968e+27 7.13486e+13 1.36903e+06 20296.8
385 2.99315e+52 4.82636e+26 3.6165e+13 970515 17016.8
386 2.85095e+52 4.71029e+26 3.57243e+13 964509 16962.7
387 1.25154e+51 9.87201e+25 1.63411e+13 649148 13848.6
388 1.9459e+51 1.23009e+26 1.8243e+13 686354 14249.6
389 1.73761e+47 1.1446e+24 1.76018e+12 213222 7831.03
390 1.22858e+52 3.05151e+26 2.8732e+13 861446 16008.5
391 4.22279e+45 1.78401e+23 7.12162e+11 135673 6213.33
392 5.0824e+47 1.94631e+24 2.33316e+12 245467 8416.41
393 1.4204e+47 1.02642e+24 1.69145e+12 209123 7767.03
394 6.14784e+44 6.7344e+22 4.30155e+11 105727 5519.42
395 2.1901e+48 4.02347e+24 3.32608e+12 292897 9195.6
396 1.20354e+51 9.35574e+25 1.60509e+13 641695 13626.9
397 3.71728e+49 1.63361e+25 6.70908e+12 417593 10985.3
398 8.06564e+50 7.6198e+25 1.4486e+13 610076 13285.8
399 8.27482e+47 2.43668e+24 2.61831e+12 262759 8708.58
400 1.27275e+49 9.52664e+24 5.15508e+12 366782 10293.4
401 1.04653e+49 8.63545e+24 4.90667e+12 357764 10166.6
402 1.90911e+47 1.16435e+24 1.79162e+12 215322 7895.34
403 4.4468e+44 5.61222e+22 3.93361e+11 100312 5397.58
404 2.82381e+40 4.5214e+20 3.53375e+10 29811.3 2950.34
405 3.88583e+47 1.72017e+24 2.16339e+12 232387 8200.87
406 1.6109e+49 1.10826e+25 5.48266e+12 369800 10335.5
407 6.56131e+47 2.23614e+24 2.47732e+12 248660 8482.07
408 8.56273e+45 2.5694e+23 8.46586e+11 145453 6494.46
409 2.91807e+43 1.48768e+22 2.02718e+11 71364.7 4588.56
410 7.98212e+45 2.46311e+23 8.28829e+11 143925 6461.03
411 2.65789e+46 4.49481e+23 1.11906e+12 167147 6950.34
412 1.35771e+49 1.00794e+25 5.28654e+12 362319 10139.8
413 1.29209e+47 9.75967e+23 1.64875e+12 204044 7661.04
414 6.87985e+50 7.14452e+25 1.40489e+13 586590 12830
415 4.54932e+49 1.83643e+25 7.15761e+12 420684 10907.1
416 2.74267e+48 4.52328e+24 3.57051e+12 298598 9226.03
417 4.77085e+48 5.97124e+24 4.10448e+12 320312 9561.63
418 7.99439e+45 2.43916e+23 8.24779e+11 142764 6337.74
419 4.38687e+38 5.70672e+19 1.27105e+10 17487.1 2179.18
420 3.35884e+43 1.5611e+22 2.09095e+11 71548.3 4459.81
421 1.04302e+35 8.43546e+17 1.56026e+09 6234.79 1290.66
422 7.50153e+32 7.13569e+16 4.5567e+08 3379.43 945.77
423 1.4421e+31 9.88635e+15 1.70854e+08 2074.83 738.395
424 4.38164e+28 5.47395e+14 4.06452e+07 1016.45 514.188
425 2.28093e+29 1.25178e+15 6.14875e+07 1247.47 569.664
426 1.35794e+40 3.08967e+20 3.08204e+10 27141.8 2666.93
427 8.36955e+42 7.68746e+21 1.53101e+11 60099.6 3975.17
428 4.07698e+42 5.36868e+21 1.28e+11 54992 3801.78
429 6.80802e+41 2.18744e+21 8.18136e+10 44137.1 3404.34
430 3.99838e+39 1.67224e+20 2.27097e+10 23519.8 2482.05
431 2.45276e+36 4.13437e+18 3.62112e+09 9550.59 1579.33
432 1.12521e+36 2.80185e+18 2.98546e+09 8687.47 1506.06
433 1.8037e+33 1.11064e+17 5.93229e+08 3876.09 1008.02
434 3.73879e+30 5.03759e+15 1.26152e+08 1789.98 686.397
435 3.81654e+32 5.09419e+16 3.99989e+08 3183.73 914.001
436 7.89667e+27 2.33694e+14 2.72874e+07 834.253 469.586
437 4.19422e+28 5.39726e+14 4.1389e+07 1025.36 520.275
438 1.25548e+21 9.27304e+10 554093 121.774 180.279
439 1.03283e+14 2.66321e+07 9715.82 17.0814 67.1526
440 1.27361e+18 2.93876e+09 100039 52.5595 118.506
441 7.91485e+20 7.38056e+10 500620 115.402 174.785
442 8.49606e+26 7.69319e+13 1.61391e+07 636.11 405.082
443 5.41719e+20 6.13516e+10 461895 110.999 171.478
444 1.33601e+22 3.04074e+11 1.025e+06 163.996 207.845
445 1.58509e+15 1.02658e+08 19282 24.0552 80.2684
446 3.28767e+12 4.65896e+06 4148.48 11.6771 55.6516
447 7.13117e+09 216799 907.969 5.88755 38.8177
448 2.51712e+07 12912.9 225.014 3.28208 27.9305
449 1.63539e+10 331602 1132.17 6.52423 41.4743
450 2.29628e+09 124128 693.921 5.26857 36.7933
451 219.555 37.733 13.11 1.26938 13.9419
452 0.601368 0.483805 1.31386 0.758264 7.14167
453 0.585052 0.585029 0.595252 0.60437 2.88487
454 0.559948 0.559919 0.571438 0.580426 2.92807
455 0.5623 0.562251 0.577106 0.585486 3.08267
456 0.565471 0.565471 0.565609 0.567824 1.36597
457 0.540751 0.540751 0.540899 0.543191 1.3561
458 0.542734 0.542734 0.543124 0.546637 1.57289
459 0.549462 0.549138 0.588297 0.586227 3.70135
460 0.577757 0.577199 0.628585 0.619682 3.94321
461 0.581131 0.577221 0.714432 0.648181 4.83562
462 0.588976 0.588975 0.59122 0.598165 2.16736
463 0.565782 0.55677 0.766888 0.647713 5.26787
464 0.595125 0.59512 0.599897 0.608386 2.49029
465 0.573523 0.573521 0.57694 0.584778 2.32097
466 0.573258 0.573234 0.584035 0.593047 2.88328
467 0.581737 0.581736 0.584368 0.591636 2.2217
468 0.575107 0.575107 0.575839 0.580388 1.77727
469 0.569496 0.569309 0.598879 0.601822 3.51426
470 11.3147 8.55155 6.7731 1.04202 11.4254
471 14785 321.151 36.6936 1.70213 17.2949
472 3.84652e+07 16354.4 253.304 3.4448 27.4676
473 4.86082e+08 58296.8 476.896 4.4825 31.9264
474 1.28685e+12 3.01882e+06 3412.09 10.7041 51.0078
475 6.68827e+09 217853 921.25 5.96597 37.3541
476 6.19927e+17 2.07914e+09 88667.7 50.3629 111.504
477 1.60445e+24 3.40465e+12 3.50586e+06 302.139 270.573
478 2.47266e+30 4.2792e+15 1.21746e+08 1720.23 638.483
479 6.69451e+33 2.22369e+17 8.65256e+08 4506.9 1027.34
480 8.13926e+39 2.43074e+20 2.793e+10 24870.9 2389.17
481 5.43735e+39 1.98556e+20 2.52391e+10 23642.5 2328.33
482 1.5347e+46 3.38065e+23 1.04843e+12 152520 6024.1
483 3.34764e+37 1.57646e+19 7.19847e+09 12628.2 1691.48
484 4.09473e+34 5.53025e+17 1.35189e+09 5475.81 1105.07
485 8.84068e+31 2.54615e+16 2.92655e+08 2557.94 750.023
486 1.53912e+34 3.37708e+17 1.05791e+09 4846.87 1038.46
487 3.70094e+30 5.23232e+15 1.33861e+08 1733.91 615.357
488 7.18016e+31 2.30188e+16 2.79116e+08 2498.38 741.063
489 2.38261e+25 1.29721e+13 6.6445e+06 396.209 292.304
490 2.77931e+20 4.37864e+10 387445 98.274 144.465
491 1.65121e+23 1.0677e+12 1.9046e+06 214.357 214.293
492 1.52928e+26 3.24081e+13 1.04479e+07 494.977 327.042
493 1.19166e+22 2.82386e+11 989673 156.134 182.595
494 658.499 62.7935 16.869 1.48955 12.6996
495 4592.25 167.109 26.6998 1.57491 14.0973
496 0.696682 0.692227 0.837397 0.765681 4.41185
497 0.501002 0.343021 2.74578 0.952507 7.62001
498 0.66618 0.375303 1.83543 0.894356 6.74522
499 0.678588 0.657098 0.987146 0.783873 5.13857
500 0.671177 0.670665 0.719154 0.709796 3.56351
501 0.660322 0.660322 0.661696 0.665777 1.91495
502 0.639213 0.63921 0.642732 0.648401 2.20406
503 0.646987 0.646817 0.675183 0.67586 3.19931
504 0.662536 0.662535 0.663276 0.666401 1.74751
505 0.641035 0.641035 0.641039 0.641241 0.958905
506 0.612948 0.612948 0.612956 0.613261 0.990433
507 0.618708 0.618708 0.619122 0.621518 1.56556
508 0.64314 0.643133 0.648982 0.65506 2.40631
509 0.661767 0.661766 0.664279 0.669269 2.1047
510 0.438357 0.546469 2.93445 0.958134 7.9458
511 8.33752e+06 7271.71 171.124 3.69308 21.1109
512 2.84868e+06 4249.23 131.307 3.3387 19.8921
513 1.81509e+16 3.40933e+08 35420.6 50.5213 73.8217
514 1.25185e+14 2.80968e+07 10261.1 26.7566 55.131
515 4.58081e+18 5.31488e+09 140418 103.325 102.412
516 2.08558e+15 1.1315e+08 20560.9 38.2265 64.9796
517 6.00682e+24 6.11416e+12 4.47515e+06 647.231 236.985
518 2.85541e+36 4.44106e+18 3.53328e+09 21676 1193.72
519 1.56278e+39 1.03218e+20 1.69082e+10 49311.8 1746.42
520 1.88604e+30 3.54945e+15 1.01711e+08 3355.96 504.855
521 5.17032e+36 5.91863e+18 4.0761e+09 22423.1 1235.93
522 2.90654e+34 4.39025e+17 1.11722e+09 11526.2 902.68
523 2.88219e+40 4.31031e+20 3.51903e+10 67834.6 2087.1
524 2.60664e+43 1.30214e+22 1.94066e+11 162840 3161.89
525 2.54369e+41 1.28231e+21 6.16573e+10 89772.1 2383.67
526 1.02138e+43 8.19603e+21 1.54344e+11 144584 2988.37
527 1.49243e+46 3.11153e+23 9.44252e+11 370137 4670.79
528 2.85093e+47 1.36282e+24 1.97071e+12 542115 5600.53
529 2.27256e+42 3.81735e+21 1.05498e+11 118660 2814.28
530 4.58415e+32 5.16653e+16 3.97979e+08 6508.71 759.183
531 4.117e+34 4.87175e+17 1.22425e+09 11688.7 988.092
532 6.77379e+33 1.97387e+17 7.78694e+08 9234.27 888.576
533 9.10258e+30 7.20693e+15 1.51585e+08 3891.8 602.365
534 5.87233e+30 5.78273e+15 1.35954e+08 3674.32 586.976
535 2.3556e+30 3.66629e+15 1.08364e+08 3259.35 556.205
536 6.80529e+27 1.96279e+14 2.52448e+07 1508.88 393.65
537 1.44207e+21 8.94692e+10 549598 208.765 159.121
538 3.2285e+31 1.41749e+16 2.12428e+08 4528.34 652.531
539 8.30439e+33 2.26038e+17 8.51444e+08 9259.97 907.632
540 1.7462e+35 1.03936e+18 1.82979e+09 13729.3 1088.68
541 2.6021e+29 1.25395e+15 6.60327e+07 2419.18 489.069
542 1.6771e+21 9.5827e+10 610662 208.035 158.884
543 6.73599e+22 6.05118e+11 1.52737e+06 336.246 197.823
544 2.12057e+25 1.07847e+13 6.40283e+06 712.724 279.026
545 3.94326e+24 4.64447e+12 4.21033e+06 572.166 252.334
546 5.69785e+26 5.65578e+13 1.46057e+07 1097.96 340.183
547 9.48888e+23 2.32302e+12 2.94857e+06 474.736 231.68
548 1.06754e+32 2.49992e+16 3.09766e+08 5429.13 709.478
549 2.77759e+36 4.06743e+18 3.83907e+09 20609.3 1313.53
550 4.99977e+42 5.68512e+21 1.37945e+11 137005 3159.53
551 3.52856e+45 1.5015e+23 7.05385e+11 324349 4715.13
552 6.59946e+44 6.48298e+22 4.64081e+11 260026 4254.81
553 3.75857e+43 1.54295e+22 2.26899e+11 180119 3569.81
554 2.44273e+42 3.90345e+21 1.14372e+11 126715 3017.71
555 2.72392e+46 4.08686e+23 1.18254e+12 420098 5352.58
556 1.31253e+43 8.9012e+21 1.73019e+11 156720 3340.19
557 1.67414e+46 3.20232e+23 1.01846e+12 394520 5194.04
558 7.20835e+37 1.98622e+19 8.44574e+09 32439.3 1575.89
559 4.23171e+39 1.51554e+20 2.32538e+10 55037 2027.06
560 6.38523e+40 5.90347e+20 4.57986e+10 78380.2 2399.36
561 1.14694e+41 7.91685e+20 5.30129e+10 84593.6 2482.97
562 8.08514e+38 6.54234e+19 1.52986e+10 44234.7 1856.25
563 2.14148e+41 1.05803e+21 6.20023e+10 91793 2575.7
564 5.3508e+37 1.65755e+19 7.67194e+09 30851.8 1579.42
565 7.96056e+36 6.38067e+18 4.78709e+09 24012.5 1411.65
566 2.57352e+39 1.16849e+20 2.01362e+10 51505.1 1987.32
567 1.07257e+36 2.40492e+18 2.90866e+09 18425.6 1253.83
568 2.68951e+34 3.79317e+17 1.15917e+09 11296 1007.31
569 3.45264e+32 4.27807e+16 3.90948e+08 6452.85 777.862
570 3.2796e+33 1.32806e+17 6.87281e+08 8629.87 889.518
571 9.46539e+43 2.20157e+22 2.88708e+11 192357 3747.84
572 7.62044e+33 1.92795e+17 8.28806e+08 9503.85 930.171
573 1.2443e+38 2.48748e+19 9.13872e+09 33386.9 1662.95
574 1.75598e+40 2.99935e+20 3.12638e+10 63502.8 2240.3
575 1.40543e+45 8.40507e+22 5.17612e+11 274834 4424.26
576 1.27784e+49 8.10999e+24 5.04381e+12 900258 7686.54
577 1.61828e+50 2.89614e+25 9.51154e+12 1.25264e+06 8965.93
578 3.0892e+45 1.2183e+23 6.2275e+11 302657 4627.37
579 3.19483e+49 1.22944e+25 6.33034e+12 1.01333e+06 8122.27
580 2.07566e+51 9.96387e+25 1.8124e+13 1.7522e+06 10484.8
581 9.79295e+51 2.16877e+26 2.66176e+13 2.14767e+06 11529
582 3.96158e+50 4.31496e+25 1.19857e+13 1.40757e+06 9466.95
583 1.09093e+44 2.29179e+22 2.80478e+11 192248 3747.13
584 4.51397e+43 1.47262e+22 2.2505e+11 171045 3548.96
585 7.33565e+40 5.89159e+20 4.53449e+10 75063.6 2390.76
586 1.40163e+41 8.16068e+20 5.33267e+10 81592.4 2488.22
587 7.03689e+40 5.78568e+20 4.48752e+10 74662.6 2384.61
588 3.77878e+33 1.31465e+17 6.68241e+08 8541.29 846.203
589 1.41951e+38 2.57912e+19 9.04106e+09 33443.3 1623.35
590 2.82315e+42 3.76088e+21 1.05762e+11 121016 3005.92
591 9.03025e+47 2.1053e+24 2.47234e+12 626894 6626.22
592 8.30328e+53 2.06712e+27 7.6606e+13 3.74903e+06 15692.2
593 2.54844e+56 3.66061e+28 3.21054e+14 7.90108e+06 21945
594 9.24617e+57 2.23947e+29 7.9219e+14 1.26373e+07 27111.2
595 8.05684e+60 6.59988e+30 4.35124e+15 3.06295e+07 40394.6
596 3.41751e+58 4.25006e+29 1.0937e+15 1.49442e+07 29237.3
597 2.80024e+56 3.81122e+28 3.32253e+14 7.94987e+06 22006
598 3.34849e+55 1.30629e+28 1.95774e+14 6.00656e+06 19398.3
599 9.43851e+58 6.91743e+29 1.41648e+15 1.71378e+07 31097.2
600 1.22641e+60 2.50729e+30 2.69212e+15 2.40786e+07 36244.2
601 5.81328e+59 1.72342e+30 2.23307e+15 2.18855e+07 34663.6
602 1.25187e+64 2.65194e+32 2.75325e+16 7.89138e+07 63111.5
603 4.75554e+65 1.635e+33 6.88404e+16 1.25957e+08 78534.9
604 2.12014e+65 1.08947e+33 5.61062e+16 1.13476e+08 74794.4
605 4.69506e+61 1.58923e+31 6.94943e+15 3.82699e+07 45001.5
606 6.92668e+60 6.04911e+30 4.3127e+15 2.98522e+07 40071.3
607 1.14187e+64 2.45249e+32 2.73534e+16 7.80862e+07 62801.3
608 6.17112e+59 1.76348e+30 2.33191e+15 2.16725e+07 34505.8
609 1.12849e+56 2.34392e+28 2.70344e+14 7.05137e+06 20434.1
610 7.61111e+58 6.27041e+29 1.39226e+15 1.65665e+07 30438.3
611 8.15343e+59 2.05011e+30 2.5291e+15 2.26084e+07 35193.6
612 7.09441e+65 1.97303e+33 8.06947e+16 1.3709e+08 81708.4
613 2.02402e+65 1.05056e+33 5.91048e+16 1.16201e+08 75629.3
614 2.00469e+64 3.26816e+32 3.31981e+16 8.55434e+07 65537.3
615 8.6358e+58 6.81213e+29 1.52623e+15 1.66528e+07 30512.4
616 8.28894e+52 6.50613e+26 4.76384e+13 2.6321e+06 12909.8
617 8.67881e+58 6.82914e+29 1.52813e+15 1.55308e+07 30521.6
618 1.19082e+57 7.84778e+28 5.19505e+14 8.94397e+06 23352.4
619 3.3255e+55 1.31439e+28 2.11256e+14 5.64351e+06 18679.8
620 1.05133e+55 7.37535e+27 1.57928e+14 4.8626e+06 17379.1
621 1.08082e+54 2.35553e+27 8.99091e+13 3.62312e+06 15070.2
622 3.81253e+59 1.47779e+30 2.16199e+15 1.90519e+07 33704.2
623 1.12358e+58 2.54101e+29 8.98749e+14 1.20524e+07 26988
624 1.18309e+57 8.20941e+28 5.1171e+14 8.983e+06 23401.8
625 3.42899e+58 4.44886e+29 1.18825e+15 1.39426e+07 28475.3
626 1.17062e+59 8.26632e+29 1.61829e+15 1.63804e+07 30599.6
627 3.46962e+58 4.50307e+29 1.19177e+15 1.39641e+07 28495
628 1.61549e+62 3.13612e+31 1.01049e+16 4.25696e+07 46882.7
629 1.67035e+62 3.18919e+31 1.0189e+16 4.27576e+07 46975.2
630 4.37516e+62 5.18864e+31 1.29566e+16 4.85873e+07 49737
631 1.34472e+62 2.87747e+31 9.65228e+15 4.15444e+07 46374.8
632 2.79821e+59 1.29325e+30 2.05076e+15 1.82208e+07 32089.9
633 3.92768e+57 1.51753e+29 7.0373e+14 1.05356e+07 24886.4
634 1.00715e+60 2.49958e+30 2.84963e+15 2.15634e+07 34699.9
635 2.18072e+56 3.69479e+28 3.39604e+14 7.25281e+06 20929.5
636 4.87762e+54 5.48288e+27 1.2968e+14 4.42739e+06 16649.5
637 7.41798e+54 6.76728e+27 1.43873e+14 4.67519e+06 17075
638 8.37837e+49 2.15975e+25 8.44448e+12 1.05562e+06 8575.14
639 1.23179e+52 2.60894e+26 2.92359e+13 2.02644e+06 11593.9
640 8.11343e+57 2.1789e+29 8.37355e+14 1.17671e+07 26195.9
641 1.12077e+61 8.24035e+30 5.12937e+15 3.03931e+07 40696.1
642 2.69182e+61 1.28316e+31 6.398e+15 3.41191e+07 42942.2
643 4.83677e+62 5.43519e+31 1.32598e+16 4.99538e+07 51264.9
644 2.28815e+57 1.14782e+29 5.91956e+14 9.81225e+06 24078.8
645 1.23891e+58 2.68098e+29 8.9943e+14 1.22785e+07 26718.2
646 1.12084e+56 2.48972e+28 2.7863e+14 6.55094e+06 19964.8
647 3.28773e+59 1.34198e+30 2.0358e+15 1.90207e+07 32736.3
648 4.22288e+62 4.89727e+31 1.22535e+16 4.97293e+07 51157.7
649 1.64141e+63 9.69039e+31 1.72262e+16 5.92085e+07 55681.2
650 2.23212e+63 1.13205e+32 1.86162e+16 6.16092e+07 56766.5
651 8.60013e+64 7.02127e+32 4.68107e+16 9.87859e+07 71402.2
652 2.31449e+61 1.12667e+31 5.80344e+15 3.39087e+07 42479.6
653 1.2006e+61 8.10126e+30 4.93256e+15 3.11337e+07 40755.3
654 3.63734e+58 4.31695e+29 1.16269e+15 1.45718e+07 28200.7
655 1.55304e+58 2.82289e+29 9.40588e+14 1.30353e+07 26717.9
656 3.19242e+56 4.01177e+28 3.55294e+14 7.81262e+06 20848.9
657 1.00446e+59 7.21073e+29 1.50195e+15 1.66706e+07 29126
658 1.36344e+64 2.84315e+32 2.96872e+16 7.98669e+07 58187.8
659 3.26878e+62 4.40742e+31 1.15681e+16 4.87061e+07 46763.5
660 9.23586e+59 2.30912e+30 2.60581e+15 2.22677e+07 33096.3
661 1.80776e+59 1.01773e+30 1.73998e+15 1.79147e+07 30066.2
662 3.93044e+59 1.5068e+30 2.11132e+15 1.98819e+07 31481.1
663 2.47659e+58 3.78897e+29 1.06064e+15 1.37212e+07 26728.2
664 1.56568e+56 2.97791e+28 2.98423e+14 6.92652e+06 19771.3
665 1.80796e+56 3.20106e+28 3.09369e+14 7.05609e+06 19941.3
666 3.98127e+48 4.34195e+24 3.65949e+12 716509 6944.63
667 4.07558e+44 4.4452e+22 3.63594e+11 217064 4011.43
668 3.04793e+44 3.84213e+22 3.37843e+11 208962 3941.93
669 2.73498e+41 1.13686e+21 5.98665e+10 83324.9 2586.58
670 4.5368e+37 1.40259e+19 6.90775e+09 26372 1529.22
671 2.10093e+35 9.62655e+17 1.82182e+09 12939.9 1105.75
672 7.81994e+32 5.81171e+16 4.50992e+08 6127.01 787.489
673 5.91661e+34 5.09641e+17 1.32776e+09 10925.2 1023.81
674 5.6829e+33 1.55777e+17 7.36384e+08 7968.28 887.147
675 7.28839e+31 1.78034e+16 2.46129e+08 4427.43 679.728
676 6.10001e+32 5.17047e+16 4.21788e+08 5910.93 774.74
677 1.19415e+31 7.18276e+15 1.60578e+08 3461.01 608.08
678 1.58751e+40 2.96012e+20 2.91932e+10 61128.1 2244.63
679 9.3102e+34 7.34381e+17 1.47595e+09 11815.3 1061.07
680 9.03423e+35 2.29814e+18 2.60309e+09 16160.1 1223.37
681 6.44756e+35 1.94014e+18 2.39281e+09 15467.4 1197.8
682 4.85962e+30 4.94388e+15 1.2284e+08 3285.87 568.647
683 1.15879e+35 7.46433e+17 1.55316e+09 12351.8 1074.57
684 1.00439e+40 2.24736e+20 2.78734e+10 55336.5 2218.79
685 1.01885e+37 7.06047e+18 5.12633e+09 22308.8 1429.61
686 2.79062e+35 1.14129e+18 2.10245e+09 13813 1134.22
687 3.11984e+39 1.17887e+20 2.11816e+10 47766.8 2066.17
688 2.54625e+40 3.38025e+20 3.58021e+10 63276 2367.88
689 5.9378e+37 1.6153e+19 7.869e+09 28083 1674.48
690 1.46968e+39 8.193e+19 1.76697e+10 43343.6 2014.67
691 2.27561e+42 3.16721e+21 1.12624e+11 116814 3077.84
692 9.78991e+42 6.5897e+21 1.6327e+11 142451 3350.93
693 6.92017e+39 1.72556e+20 2.73979e+10 53061.6 2196.47
694 1.92549e+38 2.81234e+19 1.12673e+10 32412.2 1779.94
695 5.40525e+34 4.80505e+17 1.48303e+09 10485.5 1101.76
696 1.03097e+34 2.09194e+17 9.80029e+08 8320.85 998.885
697 1.24633e+31 7.18247e+15 1.8279e+08 3445.49 671.626
698 2.53535e+30 3.20676e+15 1.22341e+08 2788.97 610.792
699 5.83408e+29 1.54412e+15 8.44687e+07 2294.39 559.61
700 7.29058e+32 5.55816e+16 5.19486e+08 5964.95 859.613
701 2.1959e+28 2.97065e+14 4.02024e+07 1476.3 459.48
702 1.23309e+26 2.14189e+13 1.11184e+07 728.992 335.456
703 3.19925e+29 1.0729e+15 7.81404e+07 2123.72 540.517
704 9.97825e+28 5.97537e+14 5.83732e+07 1810.65 503.334
705 1.89702e+32 2.65218e+16 3.86491e+08 5078.69 799.56
706 8.8825e+27 1.67919e+14 3.10134e+07 1280.6 431.225
707 1.06104e+25 5.92409e+12 5.6485e+06 502.097 284.289
708 7.6271e+22 4.96551e+11 1.598e+06 250.004 208.816
709 4.74348e+22 3.91156e+11 1.42279e+06 233.721 202.684
710 1.39918e+25 7.03299e+12 5.8097e+06 526.793 290.349
711 1.7609e+28 2.43912e+14 3.39965e+07 1452.74 456.105
712 2.14477e+25 8.38468e+12 6.34137e+06 554.152 297.024
713 1.37317e+27 6.77233e+13 1.79537e+07 963.106 387.449
714 3.08527e+26 3.17238e+13 1.23046e+07 788.182 351.826
715 1.81814e+30 2.36824e+15 1.10707e+08 2520.02 616.758
716 1.14624e+34 1.91279e+17 1.03632e+09 8164.33 1091.99
717 7.03102e+38 4.84487e+19 1.54784e+10 35577.7 2241.05
718 8.21872e+36 5.07333e+18 5.1381e+09 19545.1 1672.07
719 6.6501e+36 4.56648e+18 4.8754e+09 18994.9 1648.86
720 1.65142e+36 2.26856e+18 3.43976e+09 15710.2 1502.83
721 2.21694e+37 8.36014e+18 6.59116e+09 22379.6 1740.41
722 2.28818e+38 2.73014e+19 1.18921e+10 30836.9 1988.48
723 4.16441e+41 1.14475e+21 7.93873e+10 86209.4 3053.32
724 5.9278e+42 4.34425e+21 1.56357e+11 124308 3558.89
725 3.55765e+38 3.29645e+19 1.43255e+10 32482.3 2032.14
726 1.21953e+39 6.14967e+19 1.94384e+10 38573 2182.72
727 3.69769e+41 1.05926e+21 8.01238e+10 85472 3042.42
728 3.09406e+39 9.58504e+19 2.42409e+10 43675.5 2298.78
729 2.50635e+40 2.74086e+20 4.08865e+10 57465.3 2598.44
730 2.10585e+41 8.06176e+20 6.99437e+10 76145 2947.06
731 3.59985e+44 3.28142e+22 4.57781e+11 203349 4578.57
732 7.15285e+42 4.58353e+21 1.68767e+11 120743 3623.36
733 3.34266e+45 1.00531e+23 7.64063e+11 273423 5230.69
734 1.27269e+49 6.58356e+24 5.91531e+12 824508 8602.65
735 6.93342e+51 1.52105e+26 2.83204e+13 1.91356e+06 12587.1
736 2.41359e+50 2.80949e+25 1.21961e+13 1.21689e+06 10257
737 3.00187e+52 3.1795e+26 4.09127e+13 2.33133e+06 13764.1
738 3.12945e+53 1.0454e+27 7.40968e+13 3.20611e+06 15901
739 2.7894e+53 9.87094e+26 7.1968e+13 3.15638e+06 15788.8
740 1.02064e+53 5.95165e+26 5.56592e+13 2.74999e+06 14833.2
741 4.25008e+49 1.18694e+25 8.1751e+12 945227 9150.61
742 1.97238e+50 2.58508e+25 1.19693e+13 1.16908e+06 10072.7
743 2.05691e+51 8.32108e+25 2.14332e+13 1.61725e+06 11664.7
744 1.52462e+52 2.27958e+26 3.54205e+13 2.13888e+06 13237.7
745 1.40056e+52 2.18428e+26 3.46744e+13 2.11531e+06 13167
746 6.7015e+49 1.45215e+25 8.97986e+12 1.04623e+06 9369.59
747 2.01059e+49 7.96851e+24 6.62422e+12 892638 8678.21
748 1.60703e+49 7.11936e+24 6.25643e+12 866415 8554.21
749 6.42639e+48 4.49005e+24 4.99281e+12 766903 8065.19
750 9.7485e+47 1.72501e+24 3.12633e+12 595278 7137.74
751 5.54641e+45 1.31207e+23 8.67257e+11 297028 5107.37
752 3.80803e+48 3.50131e+24 4.44747e+12 720389 7825.27
753 1.84852e+49 7.75058e+24 6.60652e+12 892297 8553.29
754 5.50991e+46 4.05219e+23 1.52009e+12 402753 6147.8
755 3.46316e+46 3.21519e+23 1.35191e+12 377940 5987.79
756 6.36105e+48 4.42743e+24 5.10811e+12 776432 8072.74
757 1.4618e+49 6.72953e+24 6.26875e+12 870882 8467.38
758 5.75533e+49 1.35034e+25 8.81273e+12 1.05403e+06 9166.88
759 2.95465e+50 3.05213e+25 1.32356e+13 1.3236e+06 10078.2
760 1.17719e+53 6.22913e+26 5.96029e+13 3.06933e+06 14310.2
761 2.51373e+54 2.91441e+27 1.2876e+14 4.58721e+06 17122.9
762 6.96282e+55 1.58328e+28 2.99788e+14 7.12492e+06 20848.3
763 3.46601e+55 1.11754e+28 2.51014e+14 6.49562e+06 20003.8
764 1.96773e+56 2.68473e+28 3.92393e+14 8.19675e+06 22197.3
765 3.85542e+57 1.20623e+29 8.18689e+14 1.221e+07 26532.7
766 3.83193e+56 3.71178e+28 4.59801e+14 8.93237e+06 23067.9
767 2.60608e+57 9.67476e+28 7.42338e+14 1.15795e+07 25910.1
768 1.45337e+57 7.2019e+28 6.40471e+14 1.06897e+07 24999
769 1.74749e+58 2.5323e+29 1.20112e+15 1.50261e+07 29117.6
770 2.48053e+55 8.8789e+27 2.24926e+14 6.06093e+06 19394
771 1.07036e+57 5.82538e+28 5.882e+14 1.02078e+07 24487.8
772 5.22638e+57 1.29865e+29 8.86102e+14 1.27446e+07 27046.9
773 1.83783e+58 2.45299e+29 1.20953e+15 1.51972e+07 29265.8
774 1.45833e+58 2.1793e+29 1.1415e+15 1.47078e+07 28839.8
775 1.05162e+58 1.85043e+29 1.05183e+15 1.40427e+07 28248.1
776 8.21027e+57 1.63265e+29 9.87982e+14 1.3554e+07 27803.4
777 1.04943e+59 5.9273e+29 1.88295e+15 1.8969e+07 32738.4
778 4.43028e+56 3.61698e+28 4.65016e+14 9.14788e+06 22969
779 1.96521e+55 7.6268e+27 2.09879e+14 6.03732e+06 18772.2
780 2.90387e+53 9.092e+26 7.08003e+13 3.41906e+06 14247.5
781 1.13461e+51 5.55334e+25 1.80944e+13 1.61668e+06 9913.09
782 5.80568e+51 1.27689e+26 2.71614e+13 2.02114e+06 11044.1
783 3.69319e+50 3.23737e+25 1.36871e+13 1.38648e+06 9203.23
784 1.51523e+50 2.06726e+25 1.09406e+13 1.22562e+06 8670.49
785 7.63146e+48 4.59365e+24 5.16336e+12 810059 7351.79
786 2.09052e+49 7.67255e+24 6.67018e+12 933017 7777.15
787 1.7461e+51 6.94372e+25 2.05486e+13 1.7338e+06 9958.43
788 2.24842e+56 2.62164e+28 4.26593e+14 9.13073e+06 19395.2
789 7.88293e+56 4.94089e+28 5.81613e+14 1.08976e+07 20828
790 8.49089e+55 1.58319e+28 3.33348e+14 7.93117e+06 18326.7
791 3.09382e+56 3.02025e+28 4.60402e+14 9.53703e+06 19738.7
792 2.09034e+56 2.47725e+28 4.16968e+14 9.01254e+06 19294.2
793 7.82438e+57 1.54763e+29 1.04239e+15 1.45829e+07 23817
794 1.38489e+57 6.37552e+28 6.68941e+14 1.15535e+07 21508.8
795 3.76732e+54 3.34037e+27 1.47715e+14 5.21982e+06 15199.4
796 1.0495e+55 5.60379e+27 1.92521e+14 6.00151e+06 16153.6
797 2.24471e+54 2.57195e+27 1.31706e+14 4.8643e+06 14738.6
798 8.31041e+54 5.02261e+27 1.82513e+14 5.82689e+06 15946.8
799 3.10763e+55 9.69846e+27 2.53602e+14 6.98919e+06 17265
800 3.6154e+54 3.27268e+27 1.47338e+14 5.17591e+06 15143.4
801 4.94933e+53 1.19963e+27 8.92305e+13 3.92047e+06 13415.7
802 3.58017e+52 3.13594e+26 4.56502e+13 2.70276e+06 11410
803 1.1468e+52 1.77916e+26 3.41478e+13 2.3e+06 10636.7
804 2.95503e+52 2.86763e+26 4.3606e+13 2.63483e+06 11284.2
805 8.14889e+52 4.78345e+26 5.5941e+13 3.04772e+06 12022.1
806 2.2562e+52 2.48207e+26 4.06462e+13 2.52873e+06 11084.4
807 1.45919e+53 6.29025e+26 6.46668e+13 3.31692e+06 12473.4
808 7.27881e+53 1.4154e+27 9.69628e+13 4.20107e+06 13826
809 1.23513e+53 5.78286e+26 6.20069e+13 3.31164e+06 12341.1
810 5.31666e+53 1.21875e+27 8.99814e+13 4.0374e+06 13566
811 1.23598e+54 1.85634e+27 1.11599e+14 4.52706e+06 14328.9
812 4.01095e+52 3.28448e+26 4.60091e+13 2.82486e+06 11439.5
813 2.88485e+53 8.89842e+26 7.47821e+13 3.70614e+06 13022.3
814 5.67832e+53 1.25885e+27 8.85612e+13 4.07313e+06 13623.2
815 9.29571e+55 1.6031e+28 3.16936e+14 8.28551e+06 19135.5
816 3.91904e+57 1.06784e+29 8.20264e+14 1.40455e+07 24646.3
817 1.61094e+59 7.05024e+29 2.11483e+15 2.37277e+07 30194.5
818 1.52819e+58 2.09637e+29 1.15061e+15 1.69421e+07 26501.2
819 4.13187e+60 3.48973e+30 4.9024e+15 3.77559e+07 36157.5
820 2.28541e+61 8.35754e+30 7.6917e+15 4.84076e+07 39822.8
821 2.31052e+62 2.73143e+31 1.37353e+16 6.77921e+07 45395.1
822 2.83078e+60 2.78999e+30 4.4965e+15 3.54258e+07 35274.9
823 4.20057e+59 1.06919e+30 2.77709e+15 2.67578e+07 31635.3
824 7.44357e+58 4.43164e+29 1.78441e+15 2.06753e+07 28625.8
825 1.15901e+59 5.55121e+29 1.9981e+15 2.19516e+07 29366.9
826 7.3017e+58 4.37339e+29 1.77259e+15 2.06027e+07 28582.8
827 4.79153e+59 1.12419e+30 2.88752e+15 2.66747e+07 31915.1
828 2.23963e+60 2.4681e+30 4.336e+15 3.30722e+07 34985.9
829 4.8362e+60 3.65652e+30 5.25353e+15 3.68221e+07 36630.1
830 2.55962e+60 2.62911e+30 4.47189e+15 3.36484e+07 35245.4
831 8.14847e+60 4.70921e+30 5.99601e+15 3.96478e+07 37807
832 1.8066e+62 2.30584e+31 1.33408e+16 6.1979e+07 45774.2
833 3.0208e+63 9.84754e+31 2.77253e+16 9.31981e+07 54517.9
834 4.52804e+63 1.21809e+32 3.08627e+16 9.89343e+07 55932.3
835 2.61927e+62 2.85999e+31 1.45453e+16 6.50419e+07 46730.4
836 2.28488e+62 2.66584e+31 1.40242e+16 6.37312e+07 46324.4
837 8.13623e+62 5.12926e+31 1.93127e+16 7.70268e+07 50241.7
838 4.63179e+62 3.81872e+31 1.6718e+16 7.07208e+07 48436.4
839 1.8846e+63 7.79778e+31 2.39579e+16 8.75043e+07 53064.5
840 5.15812e+62 3.99381e+31 1.71e+16 7.1673e+07 48714.9
841 1.72799e+63 7.45563e+31 2.34221e+16 8.47047e+07 52761.1
842 2.94135e+63 9.86096e+31 2.69679e+16 9.12852e+07 54681.1
843 2.88447e+63 9.76318e+31 2.68286e+16 9.10347e+07 54609.5
844 4.58257e+62 3.77395e+31 1.63728e+16 7.00375e+07 48180.9
845 5.49992e+62 4.1462e+31 1.71431e+16 7.18792e+07 48781.7
846 4.39528e+63 1.23446e+32 2.92258e+16 9.71196e+07 56323.8
847 1.22864e+62 1.99944e+31 1.16933e+16 5.79093e+07 43999.3
848 5.36816e+62 4.27355e+31 1.71343e+16 7.18583e+07 48774.8
849 2.72098e+63 9.89489e+31 2.61451e+16 9.12074e+07 53215.3
850 3.43267e+63 1.11829e+32 2.78068e+16 9.44321e+07 53895.9
851 1.37736e+64 2.2811e+32 4.02462e+16 1.1631e+08 58164.9
852 8.23518e+62 5.27729e+31 1.88411e+16 7.58153e+07 49739.9
853 1.25505e+63 6.56303e+31 2.09595e+16 8.08068e+07 50911.8
854 1.12187e+63 6.18667e+31 2.03632e+16 7.94234e+07 50591.6
855 1.54435e+63 7.28157e+31 2.21092e+16 8.34301e+07 51509.7
856 2.67127e+63 9.67956e+31 2.55269e+16 9.09199e+07 53154.2
857 5.31044e+63 1.38437e+32 3.05833e+16 1.00204e+08 55296.3
858 1.28842e+64 2.218e+32 3.88079e+16 1.13894e+08 58251.7
859 2.31904e+64 3.00372e+32 4.54765e+16 1.24025e+08 60306.4
860 7.47241e+64 5.57201e+32 6.28318e+16 1.47539e+08 64721.8
861 3.99218e+65 1.36336e+33 9.73462e+16 1.89704e+08 71700.3
862 3.12389e+66 4.28087e+33 1.70532e+17 2.61635e+08 81742.7
863 6.17328e+66 6.2314e+33 2.06342e+17 2.91825e+08 85467.4
864 1.73285e+67 1.12989e+34 2.79194e+17 3.46995e+08 91725.6
865 1.99958e+67 1.22953e+34 2.91452e+17 3.55636e+08 92651.6
866 1.49421e+67 1.03224e+34 2.66657e+17 3.37986e+08 90746.5
867 9.40346e+66 7.92611e+33 2.32054e+17 3.12129e+08 87846.2
868 1.97429e+66 3.2882e+33 1.4613e+17 2.39473e+08 78845.3
869 1.35887e+66 2.67626e+33 1.32108e+17 2.25077e+08 76876.6
870 1.80454e+66 3.1383e+33 1.42827e+17 2.36132e+08 78394.4
871 4.25487e+65 1.44457e+33 9.63723e+16 1.85393e+08 71032.7
872 3.75603e+65 1.35028e+33 9.31319e+16 1.81533e+08 70425.9
873 1.10952e+65 7.0143e+32 6.68423e+16 1.51558e+08 64805.5
874 4.69597e+64 4.4021e+32 5.2805e+16 1.33298e+08 61084.5
875 5.47261e+64 4.76767e+32 5.50603e+16 1.3637e+08 61728.6
876 8.14959e+64 5.89414e+32 6.15377e+16 1.44886e+08 63475
877 3.41097e+64 3.7098e+32 4.90917e+16 1.2694e+08 59725.4
878 1.57265e+64 2.44559e+32 4.00631e+16 1.12693e+08 56541.5
879 3.20796e+64 3.54088e+32 4.8305e+16 1.25745e+08 59465.7
880 1.3976e+65 7.76873e+32 7.18871e+16 1.58674e+08 66189.7
881 6.47966e+64 5.14652e+32 5.83627e+16 1.40465e+08 63569.8
882 7.085e+64 5.4029e+32 5.98161e+16 1.42501e+08 63873.4
883 2.52765e+65 1.05856e+33 8.516e+16 1.75191e+08 68399.1
884 6.02725e+65 1.70434e+33 1.09396e+17 2.02784e+08 71800.1
885 9.59149e+65 2.20581e+33 1.24098e+17 2.19502e+08 73713.3
886 1.15446e+66 2.45242e+33 1.307e+17 2.26766e+08 74514.5
887 3.87518e+65 1.35437e+33 9.66306e+16 1.87571e+08 69966.6
888 3.93819e+65 1.36644e+33 9.70671e+16 1.88103e+08 70032.1
889 7.64425e+65 1.97242e+33 1.16987e+17 2.08543e+08 72811.9
890 1.09497e+66 2.42327e+33 1.29907e+17 2.20964e+08 74420
891 2.97766e+66 4.25333e+33 1.75079e+17 2.60521e+08 79197.4
892 2.12882e+66 3.49788e+33 1.57821e+17 2.46025e+08 77502.7
893 3.30182e+66 4.52018e+33 1.78923e+17 2.65205e+08 79732.8
894 6.63716e+66 6.96205e+33 2.2109e+17 3.0097e+08 83639.6
895 4.9029e+66 5.80137e+33 2.01434e+17 2.84678e+08 81898.1
896 9.95186e+66 9.06513e+33 2.5301e+17 3.26227e+08 86228.6
897 6.76895e+66 7.0817e+33 2.23023e+17 3.0254e+08 83804.9
898 4.74608e+65 1.45747e+33 9.96724e+16 1.86833e+08 69854.6
899 1.33811e+66 2.57964e+33 1.34917e+17 2.23988e+08 74803
900 5.24288e+66 5.80263e+33 2.07582e+17 2.89841e+08 82456
901 3.69386e+66 4.68287e+33 1.86899e+17 2.70733e+08 80357.6
902 3.83196e+66 4.79085e+33 1.88996e+17 2.72703e+08 80578
903 9.33001e+66 8.33093e+33 2.50872e+17 3.27784e+08 86384.2
904 1.10953e+67 9.38724e+33 2.66703e+17 3.4107e+08 87693.2
905 1.3322e+67 1.07041e+34 2.85278e+17 3.5424e+08 89155.9
906 1.21775e+67 1.00068e+34 2.75589e+17 3.47419e+08 88402.4
907 9.84674e+66 8.6431e+33 2.54776e+17 3.32399e+08 86713.3
908 1.41944e+67 1.12817e+34 2.93896e+17 3.60222e+08 89810.2
909 1.83489e+67 1.3938e+34 3.26074e+17 3.83968e+08 92350.1
910 2.29417e+67 1.76945e+34 3.66687e+17 4.12678e+08 95306.6
911 1.82444e+67 1.4017e+34 3.25227e+17 3.83356e+08 92286.2
912 1.55057e+67 1.21763e+34 3.02507e+17 3.66671e+08 90509.5
913 5.31174e+66 5.75439e+33 2.059e+17 2.8943e+08 84608.1
914 1.81089e+67 1.44812e+34 3.30728e+17 3.87326e+08 91933.2
915 1.20024e+67 1.03451e+34 2.75892e+17 3.46494e+08 89061.4
916 7.60386e+66 7.47092e+33 2.3158e+17 3.11132e+08 86369.9
917 3.75994e+66 4.75158e+33 1.85586e+17 2.67939e+08 82767.1
918 8.38399e+65 1.91928e+33 1.19254e+17 1.98718e+08 76008.1
919 5.27681e+65 1.48783e+33 1.04709e+17 1.81975e+08 74125.1
920 6.34445e+65 1.65049e+33 1.10406e+17 1.88619e+08 74886
921 4.18428e+65 1.30672e+33 9.79968e+16 1.75978e+08 73184.1
922 2.06491e+65 8.74735e+32 7.98611e+16 1.56195e+08 70351.1
923 3.0431e+65 1.07748e+33 8.93138e+16 1.66721e+08 71885.7
924 3.8698e+65 1.23211e+33 9.59835e+16 1.73864e+08 72891.4
925 2.57826e+65 9.82802e+32 8.60305e+16 1.61992e+08 71204.6
926 1.36434e+65 6.85693e+32 7.22822e+16 1.44735e+08 68600.8
927 2.97376e+65 1.04211e+33 8.94937e+16 1.66177e+08 71807.8
928 6.50845e+65 1.62534e+33 1.1233e+17 1.92434e+08 75384.8
929 8.92095e+65 1.95203e+33 1.23378e+17 2.04429e+08 76912.6
930 3.82827e+65 1.18232e+33 9.54556e+16 1.73246e+08 72806.2
931 1.28912e+66 2.34919e+33 1.38509e+17 2.20244e+08 78838.3
932 7.71575e+65 1.7301e+33 1.17315e+17 1.97897e+08 76088.9
933 3.99673e+65 1.1841e+33 9.76754e+16 1.73337e+08 72818.8
934 3.50999e+65 1.09731e+33 9.4152e+16 1.68788e+08 72180.1
935 6.6956e+65 1.57363e+33 1.13287e+17 1.92961e+08 75453.4
936 3.16256e+65 1.02109e+33 9.07419e+16 1.6434e+08 71545
937 4.78613e+64 3.6044e+32 5.33051e+16 1.18987e+08 62983.2
938 4.82571e+64 3.62101e+32 5.34301e+16 1.19157e+08 63017.6
939 1.94222e+64 2.25423e+32 4.13378e+16 1.01858e+08 59262.4
940 1.7493e+64 2.13156e+32 4.01062e+16 9.99863e+07 58834.5
941 2.75032e+64 2.71694e+32 4.50336e+16 1.08355e+08 60712.4
942 1.40417e+64 1.87062e+32 3.76831e+16 9.5749e+07 57849.4
943 5.57014e+63 1.16434e+32 2.95823e+16 8.08824e+07 54179.6
944 1.64243e+64 2.0722e+32 3.97073e+16 9.92945e+07 58674.9
945 1.68506e+64 2.10093e+32 3.99878e+16 9.97812e+07 58733.5
946 2.23018e+64 2.45854e+32 4.33365e+16 1.05508e+08 59400.9
947 2.73855e+64 2.73679e+32 4.59815e+16 1.0993e+08 59896.7
948 3.72588e+64 3.23978e+32 5.04795e+16 1.17264e+08 60684.8
949 5.86882e+64 4.16651e+32 5.68809e+16 1.29114e+08 61877.8
950 1.10815e+64 1.60974e+32 3.62514e+16 8.96991e+07 57480.8
951 9.44595e+63 1.48275e+32 3.47535e+16 8.66769e+07 57082.2
952 1.91594e+64 2.17453e+32 4.23133e+16 1.01677e+08 58957.6
953 3.40451e+64 2.98254e+32 4.9795e+16 1.129e+08 60549.5
954 2.48208e+64 2.48287e+32 4.53034e+16 1.06248e+08 59621.3
955 4.41394e+64 3.36934e+32 5.38651e+16 1.18729e+08 61330.9
956 5.5051e+64 3.82132e+32 5.78603e+16 1.24287e+08 62050.3
957 3.90999e+64 3.14613e+32 5.28175e+16 1.15807e+08 60943.5
958 2.63122e+64 2.48612e+32 4.73044e+16 1.06299e+08 59628.7
959 3.03646e+64 2.68193e+32 4.9217e+16 1.09627e+08 60098.1
960 2.41888e+64 2.35916e+32 4.60266e+16 1.04056e+08 59306
961 3.14281e+64 2.73481e+32 4.97222e+16 1.10501e+08 60219.6
962 3.13919e+64 2.73289e+32 4.97039e+16 1.10469e+08 60215.5
963 3.73197e+64 2.99922e+32 5.25435e+16 1.1534e+08 60880.6
964 3.56009e+64 2.91774e+32 5.16855e+16 1.13876e+08 60683
965 4.97915e+64 3.5573e+32 5.65905e+16 1.24845e+08 62121.2
966 7.75811e+64 4.80498e+32 6.49684e+16 1.43557e+08 64372.3
967 9.42125e+64 5.41048e+32 6.92826e+16 1.53184e+08 65446.6
968 9.05026e+64 5.26169e+32 6.82426e+16 1.50864e+08 65192.8
969 7.31625e+64 4.56289e+32 6.31782e+16 1.42912e+08 63911.6
970 1.03695e+65 5.98493e+32 7.31879e+16 1.58439e+08 66375.4
971 1.14961e+65 6.45094e+32 7.68647e+16 1.63961e+08 67216.7
972 1.18379e+65 6.62425e+32 7.8212e+16 1.65962e+08 67517.3
973 9.36071e+64 5.46134e+32 7.16409e+16 1.51964e+08 65367.5
974 8.27954e+64 4.92115e+32 6.83449e+16 1.44933e+08 64241.5
975 8.30481e+64 4.93104e+32 6.84219e+16 1.45097e+08 64267.9
976 8.4067e+64 4.97852e+32 6.8791e+16 1.45885e+08 64395.5
977 7.28246e+64 4.46842e+32 6.47515e+16 1.37257e+08 64641.8
978 6.07818e+64 3.84866e+32 5.95924e+16 1.2621e+08 64967.1
979 5.61247e+64 3.67061e+32 5.7588e+16 1.21908e+08 65097
980 5.121e+64 3.4447e+32 5.50175e+16 1.1638e+08 65267.3
981 4.63639e+64 3.2237e+32 5.35206e+16 1.10888e+08 65440.2
982 4.77791e+64 3.30335e+32 5.40663e+16 1.12878e+08 65376.9
983 5.37555e+64 3.54814e+32 5.63698e+16 1.21435e+08 65110.9
984 5.31825e+64 3.51617e+32 5.60714e+16 1.20312e+08 65145.7
985 6.16267e+64 4.06688e+32 6.11267e+16 1.31456e+08 64563.5
986 6.19183e+64 4.12669e+32 6.16668e+16 1.3264e+08 64502.2
987 6.09402e+64 4.02927e+32 6.01233e+16 1.29254e+08 64679.9
988 6.07537e+64 3.95245e+32 5.89294e+16 1.26627e+08 64817.1
989 6.0764e+64 4.13909e+32 5.97449e+16 1.33077e+08 64479
990 6.12731e+64 4.10238e+32 5.95862e+16 1.31789e+08 64547.1
991 6.04116e+64 4.11945e+32 5.9844e+16 1.33889e+08 64436.7
992 5.71762e+64 4.14871e+32 6.03216e+16 1.37907e+08 64225.4
993 5.22201e+64 4.18002e+32 6.09136e+16 1.43142e+08 63949.2
994 5.36047e+64 4.17408e+32 6.0792e+16 1.42041e+08 64007.9
995 4.9214e+64 4.12607e+32 6.11659e+16 1.45469e+08 63826.2
996 5.4868e+64 4.17769e+32 6.07626e+16 1.41777e+08 64022.1
997 5.63972e+64 4.19137e+32 6.09321e+16 1.40769e+08 64075.1
998 5.9692e+64 4.21593e+32 6.12422e+16 1.38925e+08 64172.4
999 5.27186e+64 4.08714e+32 6.05823e+16 1.42849e+08 63964.9
